0 0.245177 0.936638 0.0279749 0.117065 0.541523
0 0.556864 0.284082 0.0237772 0.0975143 0.504248
0 0.149661 0.963661 0.0343715 0.0726778 0.499539
0 0.914978 0.933063 0.0441189 0.0904315 0.496123
0 0.779725 0.967998 0.0336067 0.0640043 0.478322
0 0.175528 0.882438 0.0397701 0.088444 0.471029
0 0.409154 0.0936633 0.0214763 0.107263 0.46764
0 0.662412 0.835323 0.0251295 0.0995542 0.453093
0 0.562781 0.0505782 0.0359786 0.0994999 0.442547
0 0.733903 0.743869 0.0328361 0.0978125 0.434208
0 0.700383 0.831124 0.0287947 0.0925041 0.421674
0 0.376179 0.959384 0.0423815 0.0812314 0.409802
0 0.18925 0.185345 0.0235609 0.099704 0.362685
0 0.936418 0.700548 0.0429038 0.164103 0.330535
0 0.809001 0.711339 0.0246292 0.0823797 0.323334
0 0.774391 0.970647 0.0409701 0.0587052 0.29934
0 0.899698 0.780691 0.0272354 0.107363 0.295317
0 0.275083 0.106746 0.0274097 0.101112 0.279278
0 0.289934 0.266806 0.0340664 0.0977268 0.266096
0 0.918958 0.626496 0.0406318 0.207635 0.217783
0 0.32103 0.318707 0.0286048 0.116462 0.216953
0 0.661352 0.862721 0.0270407 0.155009 0.214812
0 0.647883 0.898062 0.0339353 0.0829947 0.212195
30 0.306517 0.584128 0.0689764 0.471166 0.211172
0 0.193006 0.844817 0.0240359 0.0870335 0.209053
0 0.705069 0.0490323 0.0286301 0.0972599 0.208111
0 0.563285 0.0674272 0.0360483 0.100616 0.206601
0 0.848908 0.731294 0.0426385 0.133092 0.204185
30 0.446471 0.602072 0.0825239 0.543924 0.199568
0 0.809671 0.183713 0.0308182 0.0920938 0.194731
0 0.100101 0.184898 0.0247776 0.0920444 0.187345
30 0.369296 0.641953 0.0685249 0.4827 0.180719
0 0.804857 0.71306 0.0341808 0.089743 0.178529
30 0.0874784 0.930626 0.0516686 0.0260702 0.178445
0 0.855528 0.724834 0.0347401 0.132809 0.176692
0 0.694267 0.507309 0.0249009 0.106572 0.169425
0 0.238711 0.0534511 0.0259915 0.0978042 0.163338
0 0.821141 0.568153 0.0292678 0.0962774 0.16302
30 0.208178 0.602322 0.0872086 0.515781 0.162637
0 0.652746 0.894317 0.0418015 0.0924375 0.157956
0 0.853695 0.115301 0.025288 0.0959602 0.157729
30 0.276405 0.597737 0.0596047 0.40358 0.157238
0 0.0988609 0.171647 0.0224878 0.0654966 0.15654
0 0.593432 0.323881 0.0203083 0.0949205 0.153171
0 0.655994 0.83574 0.0376245 0.102333 0.152801
0 0.645846 0.887702 0.02901 0.094625 0.152765
0 0.858488 0.707756 0.0298485 0.0982025 0.152036
0 0.811609 0.698977 0.0198807 0.0603395 0.145725
30 0.424431 0.604146 0.0927805 0.558508 0.144256
0 0.765724 0.977856 0.0280722 0.0442885 0.137689
0 0.193704 0.0333956 0.0295895 0.0667911 0.136159
0 0.408661 0.316149 0.0280243 0.10712 0.134026
0 0.417699 0.585697 0.024062 0.0911797 0.133999
30 0.313651 0.544048 0.0528773 0.415255 0.12849
0 0.639802 0.428831 0.027508 0.0966368 0.126725
0 0.761988 0.163709 0.0320637 0.110718 0.126452
30 0.212651 0.46094 0.0456265 0.255242 0.125746
0 0.965247 0.249392 0.0308171 0.095731 0.122318
30 0.393917 0.595299 0.0701696 0.419638 0.120513
0 0.898384 0.188526 0.0270909 0.0999094 0.119641
0 0.655962 0.862713 0.039241 0.154797 0.119002
30 0.292362 0.604394 0.084341 0.51748 0.118827
0 0.367122 0.972064 0.0269912 0.055873 0.11422
30 0.336047 0.555424 0.0557509 0.358029 0.11354
0 0.845555 0.748522 0.037363 0.101507 0.113342
30 0.382618 0.636462 0.0760185 0.48036 0.110156
0 0.921174 0.597129 0.0433945 0.149939 0.10901
0 0.129629 0.735439 0.025221 0.0992081 0.108889
30 0.356529 0.632269 0.0756123 0.486486 0.108315
0 0.232856 0.0660598 0.0394606 0.124125 0.10812
0 0.96623 0.761745 0.0290222 0.109413 0.107919
30 0.410167 0.706947 0.0498025 0.335217 0.107241
0 0.636129 0.302314 0.0291311 0.0912764 0.106547
0 0.309635 0.177308 0.0205011 0.0545786 0.103035
0 0.926901 0.315395 0.0271578 0.095401 0.102705
0 0.23376 0.373113 0.0215188 0.0954126 0.101414
