0 0.801499 0.177043 0.0274676 0.0902197 0.596696
0 0.0888559 0.925232 0.0505888 0.104914 0.489387
30 0.393349 0.968559 0.0363194 0.0628822 0.409433
0 0.955191 0.780239 0.034764 0.107337 0.390531
0 0.395667 0.0446395 0.0225948 0.089279 0.383187
0 0.242447 0.24885 0.0361118 0.164172 0.368616
0 0.530382 0.86373 0.0295105 0.0813497 0.350023
0 0.176137 0.776178 0.0451473 0.0970871 0.342198
0 0.0351335 0.207964 0.0362924 0.0955238 0.33567
9 0.167369 0.0329323 0.0292028 0.0655476 0.330967
0 0.626997 0.960076 0.0348715 0.079847 0.323573
0 0.456816 0.958 0.0402406 0.0822184 0.299126
0 0.473142 0.862547 0.0289657 0.0842927 0.278444
0 0.388685 0.897652 0.0276543 0.0959464 0.274609
0 0.686786 0.813284 0.0341579 0.0958779 0.256873
0 0.825587 0.970728 0.0493866 0.058544 0.234249
0 0.834995 0.971201 0.0289129 0.057597 0.220838
0 0.58364 0.971765 0.0308317 0.0564704 0.220471
0 0.30562 0.7824 0.023811 0.108407 0.207015
0 0.581895 0.890884 0.0325771 0.103463 0.195971
0 0.984654 0.0913864 0.0302651 0.114854 0.195943
0 0.0761392 0.803955 0.0408634 0.0995164 0.173494
0 0.0742826 0.696191 0.0401629 0.155572 0.158753
0 0.10655 0.872589 0.0293887 0.0858668 0.155211
0 0.1159 0.209067 0.0274851 0.0986256 0.153211
0 0.0715141 0.790385 0.0496951 0.124749 0.146906
0 0.298282 0.294585 0.021862 0.112502 0.143983
0 0.136982 0.32629 0.0402305 0.166361 0.142648
0 0.0158549 0.0517938 0.0317098 0.096424 0.142271
0 0.0714234 0.734544 0.0471352 0.239375 0.141656
0 0.257967 0.750244 0.0276842 0.0936534 0.136196
0 0.0140255 0.312217 0.0280509 0.130896 0.134324
0 0.382162 0.579546 0.0212247 0.0756101 0.131376
0 0.260094 0.776859 0.0316689 0.119947 0.126018
9 0.611329 0.317736 0.0216682 0.0886046 0.118265
0 0.273044 0.559238 0.0290842 0.0941637 0.115342
0 0.450796 0.957648 0.0285701 0.0817347 0.10778
0 0.710881 0.418894 0.0261154 0.170759 0.101076
0 0.474351 0.853438 0.0255285 0.069239 0.101058
