0 0.194392 0.253304 0.0522973 0.122757 0.523442
0 0.15256 0.818133 0.0388089 0.0906643 0.507055
0 0.87922 0.974792 0.0232888 0.0504164 0.491758
0 0.813876 0.871677 0.0429741 0.102971 0.418187
0 0.746321 0.949603 0.0264895 0.0932034 0.404454
0 0.670305 0.251458 0.0350272 0.135134 0.379442
0 0.417394 0.966865 0.0346071 0.0662709 0.372337
0 0.979978 0.570138 0.0389584 0.117323 0.363573
0 0.530199 0.949342 0.0668444 0.101315 0.340032
0 0.0670202 0.818894 0.0277355 0.0952247 0.314579
0 0.410328 0.967098 0.0481335 0.0658038 0.307509
0 0.446297 0.840134 0.0359528 0.151889 0.30276
0 0.0764119 0.25017 0.0290244 0.104016 0.290207
0 0.0556738 0.878642 0.0365724 0.0906947 0.278523
0 0.063461 0.832665 0.0358469 0.125105 0.272492
0 0.558357 0.865259 0.0307575 0.0866515 0.267855
0 0.204853 0.883182 0.028138 0.101048 0.244925
0 0.129969 0.172255 0.0327927 0.108696 0.226682
0 0.980035 0.550384 0.0386041 0.0783585 0.224007
0 0.142374 0.917987 0.0489751 0.142859 0.197559
0 0.908237 0.549973 0.025639 0.103933 0.193983
0 0.0528876 0.866649 0.0302045 0.0619961 0.181113
0 0.897876 0.789902 0.0227223 0.0856128 0.177684
0 0.263446 0.833319 0.0258286 0.0772508 0.164076
0 0.0586201 0.846927 0.0412275 0.14192 0.15994
0 0.814625 0.572532 0.0478761 0.206228 0.154116
0 0.219042 0.585971 0.021608 0.0997081 0.153031
0 0.384804 0.315153 0.028451 0.0904381 0.151157
0 0.291617 0.297071 0.033135 0.101136 0.150868
0 0.123924 0.263967 0.0314323 0.100034 0.141599
30 0.0599284 0.911341 0.0301251 0.0342809 0.141444
0 0.243783 0.950135 0.0299579 0.099276 0.136952
0 0.577587 0.286417 0.0291802 0.091914 0.133013
0 0.353288 0.20114 0.0367804 0.0897439 0.130579
0 0.341467 0.986852 0.0275088 0.0262955 0.127772
0 0.35128 0.797734 0.0344265 0.1417 0.125349
30 0.0564491 0.908775 0.0299521 0.0377593 0.118084
0 0.250585 0.201803 0.0285774 0.0820775 0.118022
0 0.403014 0.982222 0.0388989 0.035555 0.117329
30 0.492486 0.426644 0.0345624 0.222028 0.115524
0 0.445705 0.873142 0.0346177 0.101314 0.108789
0 0.909598 0.538068 0.0211612 0.0836682 0.103974
0 0.723104 0.739025 0.035782 0.114716 0.100856
