0 0.890911 0.499369 0.0257405 0.0939841 0.589353
0 0.394659 0.961034 0.0380192 0.077933 0.435862
0 0.0655304 0.941483 0.0326672 0.117034 0.432672
0 0.919079 0.776966 0.0298183 0.117637 0.36148
0 0.586594 0.874791 0.030761 0.0974649 0.339183
0 0.78267 0.70907 0.0259479 0.1277 0.337829
0 0.525635 0.853496 0.0343896 0.145252 0.311669
0 0.622162 0.809267 0.029091 0.0884523 0.295702
30 0.37187 0.597563 0.0894836 0.499505 0.290557
0 0.169412 0.921092 0.05048 0.105136 0.213835
0 0.0632742 0.349101 0.0438053 0.142086 0.208591
30 0.303528 0.521994 0.055753 0.403703 0.20378
0 0.457536 0.0427927 0.0286762 0.0855855 0.202858
0 0.740401 0.20418 0.0283888 0.0922561 0.189671
0 0.568332 0.954792 0.0250367 0.0821657 0.180426
0 0.559179 0.958012 0.0424233 0.0820193 0.176675
0 0.377348 0.0459995 0.0250282 0.091999 0.175643
0 0.0642126 0.975363 0.0282653 0.0492745 0.174602
9 0.240258 0.0259351 0.0373499 0.0518702 0.168743
0 0.0956055 0.220802 0.0382999 0.100132 0.167927
0 0.247199 0.785813 0.0407429 0.108594 0.166529
0 0.302302 0.250196 0.0322632 0.158727 0.161843
0 0.379112 0.273389 0.0344114 0.123666 0.157539
0 0.464313 0.861427 0.0342676 0.0737577 0.147553
0 0.658352 0.904617 0.0268879 0.0514169 0.146859
30 0.162057 0.55946 0.0725346 0.496174 0.134451
30 0.054057 0.680401 0.0828602 0.305367 0.134443
0 0.747462 0.957433 0.029549 0.0844719 0.133188
30 0.322018 0.54772 0.0884186 0.499875 0.126668
0 0.777812 0.71645 0.0280363 0.128936 0.124888
31 0.170437 0.953317 0.0471657 0.0426618 0.124499
30 0.335339 0.577745 0.0581926 0.49161 0.122557
30 0.146286 0.567218 0.106473 0.514413 0.120608
30 0.30819 0.577475 0.069598 0.512358 0.119792
0 0.400097 0.844615 0.0226417 0.0645274 0.118728
0 0.943098 0.429821 0.0391972 0.182039 0.116304
0 0.778977 0.974614 0.0255716 0.0507721 0.111815
0 0.632415 0.547328 0.0247944 0.0951682 0.111193
0 0.464405 0.880386 0.0365834 0.108853 0.110203
0 0.142127 0.803642 0.0373721 0.0847227 0.102165
30 0.29485 0.565982 0.0860802 0.521382 0.100549
