0 0.904156 0.812558 0.0253145 0.111381 0.58845
0 0.937968 0.835122 0.0370755 0.0958266 0.583797
0 0.364825 0.870447 0.0389798 0.108212 0.583749
0 0.825561 0.953026 0.0353567 0.0936832 0.422679
0 0.149912 0.955275 0.0351188 0.0877621 0.343059
0 0.586931 0.957171 0.0413572 0.085657 0.337866
0 0.894787 0.221908 0.0320948 0.129743 0.300589
0 0.835556 0.585503 0.030238 0.141368 0.297285
0 0.684073 0.831546 0.038621 0.128488 0.256561
0 0.122598 0.197009 0.0271585 0.103686 0.194515
0 0.601634 0.575971 0.0205664 0.0715711 0.179325
0 0.814145 0.227316 0.0240171 0.0829264 0.172152
0 0.682097 0.984611 0.0168169 0.0307774 0.165876
30 0.383995 0.626725 0.0865215 0.506381 0.160552
0 0.831718 0.62264 0.0338408 0.0916812 0.154373
30 0.437217 0.607974 0.0827625 0.556184 0.140328
0 0.347381 0.205542 0.0220637 0.111172 0.131193
0 0.80844 0.55631 0.0271105 0.0854828 0.125281
0 0.734898 0.67688 0.0343981 0.104838 0.124553
30 0.397759 0.618642 0.0758605 0.499281 0.12223
0 0.821107 0.96366 0.0393261 0.0726792 0.121351
0 0.601811 0.587452 0.0223907 0.0908948 0.116515
0 0.833753 0.223401 0.0219309 0.0871774 0.116259
0 0.30425 0.151807 0.0305054 0.111928 0.115882
0 0.375339 0.210641 0.0284934 0.107685 0.114856
0 0.488937 0.327442 0.0230108 0.0652493 0.1137
0 0.82927 0.940014 0.0271541 0.0682876 0.109075
30 0.306042 0.497825 0.0697543 0.331484 0.108435
0 0.779521 0.303147 0.0316114 0.0937234 0.105415
0 0.246044 0.888083 0.0291158 0.0830965 0.101213
30 0.248361 0.567412 0.080747 0.414755 0.101211
30 0.372712 0.599551 0.087416 0.446224 0.10108
0 0.811163 0.575914 0.0280568 0.106692 0.100274
