0 0.162738 0.914394 0.0294032 0.0781709 0.482339
0 0.478763 0.963859 0.0370554 0.0722821 0.397305
0 0.115537 0.801537 0.0439118 0.090617 0.34611
0 0.089352 0.972692 0.0382457 0.0546156 0.335952
0 0.89858 0.772591 0.0251885 0.0890322 0.335098
0 0.69462 0.973688 0.0340084 0.0526236 0.320392
0 0.767054 0.81264 0.0272861 0.0908199 0.270356
0 0.523767 0.0357901 0.021691 0.0715802 0.262559
0 0.659431 0.214339 0.030043 0.0947931 0.256446
0 0.062816 0.824608 0.0327042 0.0985277 0.237444
0 0.0215074 0.789668 0.0412845 0.156296 0.233793
0 0.633704 0.958848 0.0372528 0.0823049 0.23296
0 0.308895 0.962361 0.0348384 0.0743473 0.222982
9 0.326439 0.019372 0.0367504 0.0375429 0.216061
0 0.444949 0.864295 0.029491 0.105007 0.214703
0 0.355282 0.109547 0.0242782 0.0980402 0.204295
0 0.611884 0.761365 0.0276791 0.144222 0.20105
0 0.789057 0.811458 0.0269815 0.108546 0.185652
0 0.935714 0.679417 0.0305298 0.114948 0.181615
0 0.898805 0.788918 0.0267723 0.124202 0.179668
0 0.147813 0.0462387 0.0302546 0.092456 0.169823
0 0.00998649 0.207028 0.019973 0.10856 0.150121
0 0.218524 0.780657 0.0280471 0.131026 0.14922
0 0.240951 0.516957 0.0183715 0.0894305 0.146156
0 0.24614 0.199298 0.0266103 0.100317 0.137308
0 0.399068 0.782875 0.0340069 0.11358 0.119914
0 0.382605 0.855538 0.0342225 0.0731589 0.118841
0 0.819912 0.484046 0.0360661 0.100956 0.109943
0 0.567715 0.894145 0.0317489 0.0803026 0.109392
0 0.160425 0.210635 0.0269948 0.100126 0.108437
0 0.254029 0.924945 0.0313522 0.0908312 0.108138
0 0.542949 0.778764 0.0221257 0.0787237 0.103632
