0 0.679916 0.960573 0.0411842 0.0788532 0.474805
0 0.155006 0.962273 0.0461134 0.0754537 0.472339
30 0.227673 0.594462 0.0972445 0.529547 0.341188
30 0.536796 0.61482 0.0522364 0.580473 0.330943
30 0.52348 0.612137 0.0562313 0.566002 0.329552
0 0.801052 0.44199 0.025477 0.109909 0.320435
0 0.957484 0.710203 0.0382279 0.11121 0.31716
0 0.848221 0.312339 0.0325473 0.0972508 0.302044
0 0.335322 0.28803 0.0253082 0.151538 0.29051
0 0.982944 0.222957 0.0200432 0.104167 0.290146
0 0.850046 0.812058 0.0332355 0.128938 0.283904
0 0.924118 0.968343 0.0394931 0.0633144 0.282755
0 0.738441 0.275679 0.0252172 0.109383 0.264278
0 0.413379 0.248785 0.0274113 0.104216 0.253024
0 0.637144 0.228732 0.0221769 0.0908588 0.243493
0 0.758958 0.320905 0.0225637 0.103967 0.241075
30 0.312952 0.541462 0.0612678 0.410943 0.239004
0 0.20725 0.167691 0.0340073 0.110211 0.238295
30 0.47103 0.605581 0.0522436 0.573473 0.225103
0 0.75074 0.797182 0.0379223 0.134899 0.223315
0 0.734884 0.95375 0.0453368 0.0893963 0.219075
0 0.604998 0.172393 0.0237224 0.0875912 0.207785
0 0.380306 0.105729 0.030011 0.111547 0.205014
0 0.366025 0.26523 0.0220692 0.103296 0.198859
0 0.916266 0.626342 0.0267295 0.101005 0.18541
30 0.254552 0.602239 0.0794215 0.532013 0.179439
0 0.689093 0.279171 0.0226254 0.0787348 0.179259
30 0.548802 0.61429 0.0645761 0.576431 0.164887
30 0.353645 0.515745 0.0586394 0.295368 0.163442
0 0.354205 0.0298693 0.0320968 0.0597387 0.162305
0 0.451213 0.858093 0.03758 0.0958802 0.162248
0 0.0232706 0.864678 0.0334122 0.151509 0.160984
30 0.447966 0.613138 0.0469257 0.48672 0.160548
30 0.462119 0.599604 0.0598758 0.498911 0.159966
30 0.474721 0.604579 0.0720898 0.530782 0.159333
30 0.215318 0.636976 0.0727437 0.461435 0.15526
0 0.384712 0.250979 0.0192714 0.0927211 0.154217
0 0.382143 0.120785 0.0362782 0.107046 0.146821
0 0.163874 0.309937 0.0260845 0.088626 0.145983
30 0.334361 0.536551 0.0612411 0.399726 0.140272
0 0.178588 0.88065 0.0375243 0.127836 0.13892
30 0.287367 0.531928 0.0519006 0.398321 0.138168
0 0.802804 0.597299 0.0421788 0.0945103 0.135628
30 0.413899 0.622794 0.0551607 0.487538 0.129846
0 0.806235 0.703163 0.0418478 0.141996 0.128848
0 0.127212 0.0791644 0.0345819 0.104921 0.125132
30 0.307235 0.595286 0.0761618 0.531527 0.121489
0 0.188046 0.320623 0.0259133 0.0772089 0.119005
0 0.68006 0.637126 0.0397318 0.149506 0.118631
0 0.667617 0.807357 0.0424619 0.0923167 0.117419
0 0.081139 0.318229 0.0294497 0.0918968 0.112192
30 0.27791 0.59884 0.0786296 0.536158 0.11147
0 0.46072 0.289664 0.0318551 0.0944586 0.10155
0 0.97094 0.207616 0.0451765 0.136828 0.100955
