0 0.165102 0.917722 0.0270937 0.0830178 0.526344
0 0.0908725 0.972223 0.0363579 0.0555549 0.41092
0 0.473847 0.963326 0.0294764 0.0733485 0.40455
0 0.355152 0.114776 0.0247264 0.104176 0.366305
0 0.0289703 0.780964 0.0453478 0.135437 0.322563
0 0.898916 0.773443 0.0243905 0.0906749 0.321054
0 0.692319 0.973135 0.0323723 0.0537309 0.32046
0 0.11992 0.802514 0.050441 0.0916928 0.312365
0 0.656027 0.215562 0.0306448 0.0932067 0.299734
0 0.0116139 0.85928 0.0232279 0.085835 0.273036
0 0.305311 0.959696 0.0362765 0.0806074 0.266799
0 0.632163 0.95586 0.0362693 0.0879908 0.258219
9 0.329679 0.0190428 0.0359429 0.0380855 0.256139
0 0.0638551 0.825026 0.0292366 0.0989234 0.227879
0 0.248355 0.195467 0.0275347 0.0989927 0.220463
0 0.22253 0.782743 0.029739 0.127492 0.218501
0 0.401732 0.781511 0.0290617 0.1125 0.202873
0 0.611495 0.740129 0.0291582 0.110417 0.202464
0 0.242148 0.518775 0.0189998 0.0909073 0.199516
0 0.0106584 0.208073 0.0213168 0.106679 0.191391
0 0.767171 0.805849 0.0288111 0.0857863 0.179022
0 0.165377 0.212387 0.0332925 0.101725 0.17687
0 0.0963188 0.97358 0.0294169 0.0528395 0.160628
0 0.256319 0.92214 0.0266557 0.0905207 0.152774
0 0.788337 0.802234 0.0338097 0.103988 0.151695
0 0.455046 0.578642 0.0295998 0.170854 0.149479
0 0.899226 0.789088 0.0261398 0.123784 0.148207
0 0.874933 0.404255 0.0266159 0.119831 0.144909
0 0.563283 0.917842 0.0491649 0.128507 0.13642
0 0.153289 0.0468632 0.0377515 0.0937264 0.136375
0 0.526809 0.0372818 0.0255417 0.0745636 0.132748
0 0.611043 0.761778 0.0293749 0.154131 0.11296
0 0.449924 0.283765 0.0245142 0.101395 0.111994
0 0.426734 0.597732 0.0247576 0.093701 0.107326
