0 0.0665384 0.860173 0.0347919 0.136609 0.593991
0 0.863834 0.972831 0.0273788 0.0543387 0.565815
0 0.180512 0.248619 0.0389147 0.126313 0.537328
0 0.728166 0.946235 0.0393278 0.09798 0.405986
0 0.433541 0.822298 0.0353935 0.134039 0.377981
0 0.893924 0.555114 0.0318 0.0977658 0.357645
0 0.39976 0.966231 0.0291559 0.0671529 0.330223
0 0.238966 0.964177 0.0303708 0.0716454 0.308227
0 0.54227 0.859281 0.027317 0.0846523 0.299822
0 0.643022 0.440124 0.0224169 0.0998835 0.279465
0 0.806745 0.506092 0.0686995 0.332206 0.270537
0 0.289296 0.27982 0.0266461 0.0874831 0.247066
0 0.655879 0.256449 0.0272184 0.138274 0.242295
3 0.0820171 0.247444 0.0681773 0.118513 0.228645
0 0.243581 0.962661 0.0412324 0.0746773 0.226723
0 0.141518 0.66327 0.0246967 0.109597 0.18602
0 0.180376 0.267827 0.0381567 0.0911304 0.178381
0 0.504749 0.949268 0.044116 0.101465 0.173838
0 0.622066 0.799188 0.037133 0.104614 0.171197
0 0.897788 0.789785 0.0225297 0.0864648 0.165459
3 0.0713267 0.248436 0.045217 0.098208 0.163267
0 0.737628 0.758371 0.0272433 0.132926 0.157716
0 0.355034 0.0622502 0.0261556 0.108559 0.154025
0 0.697168 0.418951 0.030686 0.114355 0.146369
0 0.505327 0.623461 0.0236747 0.0972414 0.14347
0 0.567338 0.288217 0.0348553 0.0879089 0.135707
0 0.647601 0.650217 0.02439 0.0928217 0.131007
0 0.204313 0.785661 0.021414 0.0857702 0.128021
0 0.0088857 0.304203 0.0177714 0.164132 0.12673
0 0.444078 0.842311 0.0263141 0.104426 0.125426
0 0.435141 0.203933 0.0472309 0.126005 0.125221
0 0.263358 0.0552196 0.0282079 0.109904 0.123635
0 0.342392 0.196914 0.0368541 0.09149 0.116712
0 0.265587 0.0493272 0.0227042 0.0878525 0.115831
0 0.204181 0.798103 0.0239961 0.109395 0.10646
0 0.535142 0.793187 0.0341619 0.118471 0.104167
0 0.149472 0.932657 0.0348383 0.134686 0.103517
0 0.739138 0.742045 0.0252987 0.0903926 0.102896
