0 0.914247 0.603212 0.0437649 0.171188 0.505776
0 0.765634 0.239474 0.0368798 0.134944 0.487932
0 0.435515 0.954193 0.0412461 0.0901041 0.467355
0 0.0474054 0.95747 0.0417119 0.0850593 0.42867
0 0.550899 0.815725 0.0360123 0.13113 0.407745
0 0.0986309 0.870976 0.0445838 0.0935029 0.281974
0 0.145031 0.948803 0.0442481 0.102395 0.233609
0 0.492458 0.856264 0.0518178 0.096085 0.223191
0 0.743507 0.76951 0.020645 0.0984969 0.219235
0 0.980441 0.517757 0.0378867 0.252115 0.219108
0 0.674963 0.903073 0.0344687 0.0931581 0.21434
0 0.602203 0.278563 0.02528 0.0984412 0.202798
0 0.242504 0.829666 0.0271867 0.0858859 0.185431
0 0.229527 0.249207 0.0197458 0.0917576 0.180609
0 0.387864 0.984289 0.0249669 0.0314224 0.17791
0 0.382555 0.088476 0.0217305 0.0997323 0.176649
0 0.969354 0.580535 0.0180412 0.065421 0.155367
0 0.337872 0.218822 0.0329128 0.124818 0.152747
0 0.485938 0.85156 0.0286416 0.0866967 0.131575
0 0.908692 0.597203 0.0313223 0.159823 0.128595
0 0.0949883 0.643597 0.02361 0.0837538 0.122529
0 0.465718 0.29663 0.0309963 0.0798021 0.120794
0 0.437566 0.200163 0.0287251 0.0897779 0.11886
0 0.0200101 0.881825 0.0360739 0.0835459 0.116038
0 0.664694 0.297861 0.0309902 0.098218 0.11279
0 0.102259 0.328114 0.0512738 0.159439 0.111882
30 0.533741 0.639683 0.0612352 0.471314 0.108566
0 0.180945 0.210035 0.0394592 0.110478 0.107307
0 0.641087 0.974262 0.0391608 0.0514762 0.102766
0 0.695498 0.624433 0.0239445 0.102502 0.101458
0 0.643202 0.964479 0.0434916 0.0710425 0.10083
0 0.525768 0.194841 0.0343563 0.107497 0.100323
