0 0.351883 0.129547 0.0250551 0.111174 0.453215
0 0.638942 0.210671 0.0324991 0.0897158 0.412673
0 0.677197 0.969951 0.0306426 0.0600975 0.369351
0 0.109189 0.972884 0.03854 0.0542329 0.367738
0 0.458042 0.965363 0.0295317 0.0692749 0.349307
0 0.234767 0.781525 0.0428138 0.12152 0.298762
0 0.040639 0.973321 0.0359125 0.0533574 0.276597
0 0.0226773 0.21182 0.0425398 0.106599 0.261658
0 0.181315 0.92287 0.040412 0.0804275 0.251047
0 0.163895 0.0485941 0.0352601 0.0914618 0.213305
0 0.17873 0.214361 0.0357727 0.103591 0.207962
0 0.769559 0.791027 0.0288316 0.10175 0.203664
0 0.612894 0.722155 0.029851 0.118872 0.200319
0 0.876203 0.533464 0.0227268 0.0925477 0.187342
0 0.178155 0.917349 0.0227014 0.0729065 0.184592
0 0.26108 0.200275 0.0312549 0.105521 0.169522
0 0.920824 0.731447 0.030369 0.171438 0.159485
0 0.13131 0.802743 0.0366856 0.0909194 0.155992
0 0.393189 0.2822 0.0307791 0.106248 0.150861
0 0.914933 0.730173 0.0414581 0.194064 0.137718
0 0.140962 0.20348 0.0329605 0.10319 0.137167
0 0.860612 0.408479 0.028957 0.11716 0.136875
0 0.528259 0.779387 0.0254871 0.0979258 0.135539
0 0.920472 0.703451 0.0302292 0.108677 0.128904
0 0.615672 0.955543 0.0370203 0.0889149 0.108378
0 0.0437793 0.179473 0.0210452 0.101061 0.107672
0 0.871367 0.0991234 0.0352677 0.104121 0.106196
