0 0.944207 0.834065 0.0292408 0.101465 0.566265
0 0.905806 0.806769 0.0282938 0.105503 0.409697
0 0.674518 0.833272 0.0288027 0.118031 0.390443
0 0.579273 0.957302 0.0490113 0.0853967 0.382862
0 0.815258 0.952852 0.0453943 0.0940307 0.356836
0 0.910395 0.808721 0.0363288 0.11478 0.318656
0 0.361795 0.869763 0.0434303 0.108601 0.293986
0 0.873358 0.733391 0.0295529 0.0991367 0.29367
0 0.147278 0.951369 0.0340955 0.0834796 0.282699
0 0.90975 0.642804 0.0339729 0.0987525 0.28265
0 0.206849 0.240375 0.0291187 0.0906951 0.219758
0 0.725564 0.691022 0.0314176 0.137025 0.190381
0 0.202532 0.716461 0.0207347 0.0836885 0.1744
0 0.874325 0.450747 0.0280225 0.116295 0.16442
0 0.241818 0.323074 0.0203589 0.0915298 0.156872
30 0.450085 0.60371 0.0709379 0.586908 0.153785
0 0.814175 0.240143 0.0301759 0.0983631 0.151935
0 0.417424 0.333742 0.0228988 0.0834749 0.144852
0 0.349294 0.199039 0.0274502 0.110894 0.143852
0 0.909243 0.658801 0.0372677 0.133348 0.141363
0 0.594094 0.403191 0.0215535 0.096146 0.136609
0 0.701384 0.672122 0.0334154 0.188132 0.135402
30 0.504149 0.682442 0.0483067 0.388419 0.133509
0 0.674272 0.984716 0.0182142 0.0305684 0.133154
0 0.194305 0.311354 0.028817 0.100123 0.127475
0 0.565314 0.266275 0.0264307 0.0894575 0.124692
30 0.514748 0.684178 0.0376884 0.38771 0.124626
0 0.833369 0.238938 0.0243732 0.101238 0.122453
0 0.374634 0.20485 0.0230081 0.110441 0.119348
0 0.883125 0.219348 0.0399325 0.138491 0.112552
0 0.115841 0.202347 0.0322669 0.091911 0.11145
30 0.634072 0.758121 0.0415501 0.402513 0.109538
30 0.0275488 0.487383 0.0550976 0.314024 0.108463
30 0.25001 0.571363 0.0880041 0.410387 0.103537
30 0.446904 0.657325 0.0621111 0.466973 0.102566
