0 0.228786 0.067073 0.02196 0.0933561 0.501293
0 0.0818059 0.242357 0.0420477 0.156636 0.392372
0 0.688277 0.903676 0.0270403 0.0735931 0.307922
0 0.128658 0.309731 0.0404015 0.152757 0.276861
0 0.80807 0.974307 0.0216127 0.0513863 0.243571
0 0.163499 0.830097 0.0415662 0.0993159 0.241691
0 0.637011 0.973266 0.0308048 0.0534691 0.232416
0 0.0140993 0.612692 0.0281985 0.176709 0.221581
33 0.0512763 0.0386993 0.058349 0.0773987 0.210577
0 0.923838 0.974901 0.0242248 0.0501985 0.200102
0 0.778355 0.903373 0.0386278 0.10863 0.197563
0 0.024798 0.13891 0.031854 0.0967374 0.189319
0 0.896071 0.932125 0.0433792 0.095431 0.179005
0 0.121821 0.305111 0.0332184 0.142963 0.177747
0 0.684851 0.906494 0.0365886 0.0796304 0.171283
0 0.129628 0.285714 0.0217814 0.105102 0.170122
0 0.118428 0.32368 0.0311899 0.1128 0.16841
0 0.869493 0.818447 0.0296566 0.0747439 0.166711
0 0.0181799 0.12254 0.0179431 0.0588846 0.160317
0 0.0512361 0.0375229 0.0580867 0.0750457 0.158946
0 0.70923 0.830651 0.0231878 0.0853573 0.146335
30 0.0553107 0.601129 0.107887 0.418281 0.145757
0 0.773917 0.73358 0.0283609 0.104473 0.136619
0 0.128697 0.264994 0.0203757 0.0645124 0.131733
0 0.805974 0.642051 0.0217755 0.0907059 0.128784
0 0.0724823 0.745883 0.0292941 0.101742 0.128746
30 0.142821 0.522519 0.0968155 0.471221 0.118437
0 0.963338 0.738524 0.0364292 0.132523 0.115635
0 0.783209 0.832549 0.0298824 0.0926221 0.109052
0 0.256486 0.574056 0.0330698 0.0893895 0.107555
30 0.0318929 0.526467 0.0637859 0.308402 0.103942
