0 0.897758 0.717646 0.0330448 0.19017 0.534889
0 0.615122 0.211759 0.0354599 0.0877731 0.456092
0 0.137962 0.97091 0.0412283 0.0581792 0.451704
0 0.0361611 0.953715 0.0350793 0.0925709 0.43874
0 0.426266 0.966815 0.0260867 0.0663698 0.438327
0 0.602769 0.949702 0.0345427 0.0966834 0.35373
0 0.345645 0.147018 0.0293003 0.104623 0.349286
0 0.0357623 0.213046 0.0307386 0.111971 0.340491
0 0.189865 0.0453994 0.0410158 0.0892321 0.333675
0 0.163806 0.188375 0.0245191 0.089049 0.316968
0 0.401265 0.861463 0.0255268 0.100326 0.26896
0 0.360356 0.803386 0.0308652 0.0902441 0.257673
0 0.211074 0.926459 0.0331766 0.0796509 0.256894
0 0.626061 0.935082 0.0296266 0.120918 0.249332
0 0.653038 0.971191 0.0248893 0.057618 0.247803
0 0.838591 0.409183 0.0306892 0.117679 0.246609
0 0.263367 0.962149 0.036429 0.075054 0.243265
0 0.855636 0.527719 0.0194273 0.0865088 0.227358
0 0.0614041 0.187733 0.0245811 0.0980549 0.226704
0 0.509698 0.798693 0.0338028 0.148157 0.212201
0 0.965997 0.374675 0.0433688 0.114103 0.187914
0 0.50849 0.76754 0.0292224 0.0836836 0.168534
0 0.788417 0.469674 0.0245207 0.0993373 0.168406
0 0.27665 0.20121 0.0263424 0.111886 0.167486
0 0.253869 0.827203 0.039303 0.117383 0.158558
0 0.259712 0.807871 0.0381096 0.138171 0.155783
0 0.19287 0.627306 0.0246854 0.0857081 0.144325
0 0.195877 0.210062 0.0262467 0.0958385 0.134432
0 0.0661076 0.188961 0.0347115 0.102349 0.128682
0 0.0548889 0.395035 0.0269864 0.0976188 0.123119
0 0.612797 0.939904 0.0541141 0.118983 0.115684
0 0.959368 0.367348 0.0301016 0.0997653 0.113605
0 0.728051 0.450153 0.0413764 0.111262 0.107622
