0 0.248609 0.254362 0.0380653 0.172484 0.473
0 0.400163 0.0444867 0.0335779 0.0889735 0.465414
0 0.795547 0.180095 0.0310631 0.0866326 0.460488
0 0.0975015 0.925255 0.0509852 0.101781 0.453414
0 0.0436455 0.210036 0.0440144 0.0965334 0.37109
0 0.682419 0.813291 0.0322733 0.0954911 0.36254
0 0.184391 0.776699 0.0407742 0.0957001 0.333401
0 0.628872 0.444632 0.0294296 0.109338 0.320982
0 0.453117 0.958271 0.0382388 0.0819846 0.299092
0 0.395922 0.902565 0.0263338 0.106759 0.248424
0 0.0377318 0.209665 0.0310022 0.0960725 0.233836
0 0.0147602 0.313376 0.0295204 0.129892 0.233718
0 0.832128 0.971725 0.0310879 0.0565508 0.230071
0 0.62239 0.958291 0.0264275 0.0834183 0.20961
0 0.823253 0.970528 0.0484957 0.0589432 0.206723
0 0.954544 0.772744 0.0338358 0.0909035 0.197148
0 0.121224 0.208778 0.0276767 0.097574 0.196479
0 0.363931 0.270242 0.0199047 0.0525356 0.192532
0 0.317846 0.288932 0.0390152 0.136674 0.1901
0 0.110057 0.869786 0.0338322 0.0956426 0.189028
0 0.395612 0.889521 0.0231959 0.0827652 0.180929
0 0.25784 0.746169 0.0234094 0.094476 0.17861
0 0.318764 0.264125 0.0292361 0.0926193 0.165989
0 0.387496 0.581204 0.0248551 0.0704553 0.162014
0 0.706245 0.380197 0.0277203 0.0892579 0.154062
9 0.174277 0.0338596 0.027551 0.0630965 0.1406
0 0.138343 0.33121 0.0402914 0.166207 0.139624
0 0.934948 0.524163 0.0366474 0.118163 0.136402
0 0.0869022 0.143921 0.023696 0.0971592 0.136372
0 0.525702 0.857431 0.0317276 0.0751841 0.133348
0 0.0771263 0.689484 0.0371142 0.150966 0.129668
0 0.584406 0.969653 0.028668 0.0606935 0.119944
0 0.312413 0.301054 0.0391059 0.110078 0.119532
0 0.0875689 0.800001 0.0428116 0.100346 0.119275
0 0.667226 0.41218 0.0257048 0.093937 0.118189
0 0.00560481 0.953246 0.0112096 0.0917071 0.111794
30 0.119661 0.601493 0.0519481 0.431314 0.111692
0 0.395897 0.919896 0.0291568 0.14929 0.110447
30 0.124894 0.644092 0.0562123 0.361352 0.107512
0 0.0112379 0.614466 0.0224281 0.167577 0.107024
9 0.60805 0.317669 0.020579 0.0904199 0.105525
0 0.621195 0.739214 0.0262103 0.0986166 0.103788
0 0.0629255 0.341042 0.0334397 0.0971488 0.101734
