0 0.155124 0.961789 0.0459223 0.0764222 0.495769
0 0.205121 0.16844 0.0380202 0.108739 0.41867
0 0.845579 0.311274 0.0334312 0.100698 0.344513
30 0.225866 0.592136 0.0956606 0.529734 0.334928
0 0.803272 0.440736 0.0232518 0.11234 0.28996
0 0.677727 0.959743 0.0382885 0.0805143 0.289415
0 0.920947 0.967488 0.037274 0.0650238 0.273676
0 0.756245 0.319371 0.0245586 0.102443 0.271328
0 0.078701 0.318712 0.0302796 0.0938923 0.25388
0 0.85238 0.809139 0.0321453 0.12635 0.2284
0 0.446959 0.857623 0.0346209 0.0939004 0.222759
30 0.318388 0.539878 0.0670543 0.41077 0.218417
0 0.73836 0.272364 0.0247625 0.111988 0.201042
0 0.41384 0.248637 0.026613 0.105256 0.199629
0 0.749792 0.794337 0.0353773 0.124269 0.193479
0 0.355442 0.0292775 0.0324487 0.058555 0.190918
30 0.462806 0.574585 0.0731339 0.472715 0.180263
0 0.335219 0.286937 0.0238608 0.151797 0.175354
0 0.379089 0.108554 0.0343753 0.118355 0.171656
0 0.969116 0.212636 0.0439045 0.129366 0.167057
30 0.522909 0.603763 0.0615326 0.579002 0.165763
0 0.022914 0.862148 0.0388821 0.15793 0.157856
30 0.261194 0.596424 0.064905 0.521982 0.154477
0 0.603481 0.170008 0.0231041 0.0802631 0.151698
30 0.533733 0.631812 0.0549372 0.54642 0.149555
30 0.450177 0.606132 0.0484345 0.450043 0.148792
0 0.979498 0.222399 0.0218552 0.109227 0.148658
0 0.916863 0.629465 0.0228966 0.101069 0.148633
0 0.68846 0.278633 0.0210629 0.0782789 0.147665
30 0.279358 0.525192 0.0577928 0.38508 0.145434
0 0.0777634 0.346726 0.0322873 0.152963 0.139326
30 0.288685 0.570743 0.0788758 0.474085 0.137442
0 0.177011 0.881485 0.0483123 0.13546 0.132521
0 0.162348 0.314023 0.028059 0.0870948 0.126039
30 0.332497 0.55628 0.0573934 0.426377 0.124755
0 0.70757 0.188221 0.0267251 0.0932982 0.124386
30 0.31218 0.593844 0.0890395 0.53443 0.123948
30 0.278527 0.599651 0.0758416 0.539692 0.117568
0 0.366526 0.262005 0.0222811 0.102688 0.115878
0 0.256882 0.332001 0.0318685 0.139668 0.115141
30 0.254503 0.599945 0.149218 0.541728 0.114099
30 0.535408 0.718856 0.0513981 0.380072 0.111757
30 0.547369 0.611921 0.0622892 0.580337 0.110167
0 0.803841 0.704306 0.043063 0.140505 0.108034
0 0.730747 0.972962 0.0358735 0.0515748 0.105137
0 0.0724434 0.449444 0.0240654 0.0885301 0.105041
0 0.798792 0.600354 0.0416267 0.101215 0.102749
0 0.685303 0.284006 0.0260842 0.0822591 0.100743
0 0.955255 0.709092 0.0410252 0.109469 0.100223
