0 0.706589 0.455556 0.0215466 0.106336 0.464303
0 0.759702 0.950827 0.0266376 0.0959818 0.413961
0 0.304554 0.212546 0.0249583 0.0947529 0.382182
0 0.279426 0.0533965 0.0379408 0.105632 0.375694
0 0.810476 0.610242 0.0382549 0.155742 0.323164
0 0.17326 0.953313 0.0349554 0.0933733 0.298739
0 0.123659 0.230132 0.0417243 0.12071 0.289481
0 0.589563 0.258618 0.0363241 0.140633 0.253534
0 0.567005 0.977309 0.028961 0.0453821 0.236463
0 0.760272 0.41627 0.0326392 0.113335 0.225544
0 0.806519 0.722117 0.0393291 0.114609 0.223995
0 0.518834 0.981525 0.0237608 0.0369491 0.217596
0 0.3031 0.866543 0.0400393 0.105941 0.202068
33 0.654383 0.0277754 0.0395973 0.0547855 0.191864
0 0.359659 0.199059 0.0285068 0.105399 0.189187
0 0.461861 0.838808 0.0333138 0.0879106 0.178346
0 0.77724 0.516301 0.0232125 0.0885139 0.176156
0 0.633032 0.444582 0.0271896 0.0978941 0.167185
0 0.811637 0.649126 0.038808 0.221343 0.166772
0 0.88587 0.389858 0.0350338 0.115931 0.166029
0 0.881824 0.38284 0.0286222 0.117906 0.1547
0 0.507243 0.900485 0.0333922 0.0722163 0.150117
0 0.613381 0.563567 0.024251 0.101843 0.141168
0 0.00821073 0.838636 0.0164215 0.111792 0.138449
0 0.0843606 0.934669 0.0300021 0.0798074 0.138212
0 0.638179 0.895766 0.0222446 0.083526 0.131754
0 0.200903 0.130085 0.0262794 0.152462 0.128497
0 0.268375 0.814131 0.0326369 0.0866278 0.128033
0 0.590195 0.236424 0.0317147 0.0985964 0.123666
0 0.171529 0.209561 0.0272977 0.0927672 0.122141
0 0.614367 0.697833 0.0279773 0.113895 0.114946
0 0.270371 0.200163 0.0381464 0.0959967 0.113832
0 0.584093 0.266597 0.0288412 0.128077 0.112873
0 0.212186 0.795625 0.0275636 0.106268 0.109083
0 0.49891 0.634173 0.0266189 0.098236 0.108522
0 0.707496 0.629356 0.0201593 0.094685 0.10716
0 0.0086165 0.221726 0.017233 0.128039 0.103285
