0 0.760071 0.193475 0.0365559 0.0879714 0.512448
0 0.120308 0.798003 0.034709 0.0959613 0.392308
0 0.153202 0.211176 0.0293724 0.102375 0.38184
0 0.141004 0.900999 0.0526478 0.138039 0.35725
0 0.140079 0.921998 0.0511554 0.103787 0.35425
0 0.0737123 0.218012 0.0382695 0.100501 0.321746
0 0.646626 0.807658 0.0287718 0.0953613 0.311433
0 0.0386275 0.953507 0.0405036 0.0929862 0.302121
0 0.934495 0.769315 0.0336686 0.100877 0.299496
0 0.149653 0.895043 0.0374904 0.129278 0.29327
0 0.43168 0.0422454 0.0264971 0.0844908 0.249577
0 0.0364609 0.937934 0.0333695 0.108193 0.247797
0 0.213489 0.785536 0.0418363 0.106481 0.238164
0 0.763008 0.186687 0.0300991 0.0746837 0.232561
0 0.0376419 0.972795 0.0381418 0.0544108 0.226832
0 0.804511 0.969737 0.0291581 0.0605269 0.226479
0 0.593426 0.957375 0.0261648 0.0838922 0.212729
0 0.0902482 0.148883 0.0246828 0.104926 0.211629
0 0.112533 0.696521 0.0366837 0.169069 0.191162
0 0.281928 0.253013 0.0392947 0.166716 0.183807
0 0.656929 0.553153 0.0245147 0.094823 0.178151
0 0.5876 0.932344 0.0387826 0.132895 0.165994
0 0.213313 0.775685 0.0349093 0.092937 0.160054
9 0.211009 0.0301426 0.0353646 0.0589237 0.157216
0 0.180004 0.568788 0.0351469 0.151124 0.156232
0 0.395398 0.347525 0.0298437 0.089976 0.153294
0 0.764596 0.96155 0.0267629 0.0768991 0.146778
0 0.801374 0.699634 0.0264763 0.116367 0.143453
0 0.698781 0.498259 0.0297135 0.114259 0.140058
0 0.978001 0.570446 0.0350165 0.0954346 0.134297
0 0.0339337 0.343216 0.0488969 0.122078 0.132655
0 0.398462 0.288323 0.0236761 0.100555 0.1313
0 0.0547799 0.608447 0.0446424 0.157396 0.127097
0 0.358636 0.278454 0.0341578 0.129132 0.123878
0 0.41517 0.958782 0.0420737 0.0815312 0.121205
0 0.0363454 0.921096 0.0309028 0.0717711 0.117971
0 0.152429 0.499633 0.0272744 0.0889955 0.116505
0 0.551604 0.855646 0.0352544 0.134142 0.115681
0 0.49522 0.870237 0.0378849 0.0875848 0.113882
0 0.602789 0.444907 0.0278675 0.0898992 0.113175
0 0.629042 0.408426 0.0210563 0.0931348 0.108734
0 0.485669 0.355144 0.0249748 0.102814 0.106947
0 0.0486914 0.0468859 0.0257914 0.0862072 0.10665
0 0.338934 0.297428 0.0240073 0.109338 0.104071
30 0.335475 0.515463 0.0512344 0.403077 0.104032
0 0.11206 0.732107 0.0367284 0.190214 0.102838
0 0.166999 0.288043 0.0199581 0.0811211 0.101371
0 0.389614 0.345684 0.0421832 0.0958425 0.100766
