0 0.149521 0.959947 0.040856 0.0801069 0.525737
0 0.63072 0.95916 0.0403127 0.0816803 0.477131
0 0.714703 0.808613 0.0342152 0.140375 0.4701
0 0.887246 0.812938 0.035413 0.130123 0.426811
0 0.8693 0.958068 0.0320493 0.0838639 0.380167
30 0.434766 0.603549 0.082923 0.55389 0.371896
30 0.252318 0.599378 0.11309 0.556965 0.330633
30 0.191623 0.544796 0.0587087 0.422319 0.319608
30 0.283305 0.599957 0.0684016 0.537342 0.314558
30 0.340904 0.58603 0.0662599 0.520709 0.282332
30 0.534361 0.609161 0.0604506 0.535352 0.263104
30 0.29887 0.597494 0.0890267 0.542462 0.247083
0 0.932373 0.210812 0.0373179 0.151806 0.214762
0 0.600166 0.252141 0.0283442 0.0981468 0.210774
0 0.226723 0.94881 0.0493684 0.0946894 0.178983
30 0.230185 0.577783 0.0651963 0.501613 0.172131
0 0.883097 0.807984 0.0265461 0.11939 0.164304
0 0.403692 0.861595 0.0278752 0.0940205 0.159219
30 0.299168 0.662376 0.0799952 0.41559 0.14205
30 0.0420625 0.468854 0.0787429 0.277841 0.140804
30 0.505413 0.595577 0.051068 0.556564 0.132127
0 0.655048 0.277088 0.0203225 0.0679266 0.131996
0 0.960246 0.633122 0.0226906 0.0915598 0.129949
30 0.348136 0.542797 0.0542433 0.471908 0.123223
0 0.810491 0.302869 0.0330959 0.0938914 0.120986
0 0.0958066 0.177502 0.0269186 0.102691 0.12021
0 0.891842 0.826067 0.0432323 0.114387 0.119693
30 0.213436 0.54928 0.0808491 0.427076 0.11957
0 0.671537 0.188082 0.0253395 0.0993671 0.108814
0 0.835775 0.448767 0.0262509 0.117532 0.108102
30 0.615053 0.5991 0.0432514 0.549963 0.106494
0 0.177084 0.0742363 0.0439148 0.0987678 0.104831
0 0.751558 0.216115 0.0275442 0.119265 0.10329
30 0.359046 0.601396 0.0857732 0.55968 0.101022
