0 0.410966 0.966106 0.0550022 0.0677871 0.488334
0 0.19072 0.250934 0.0479574 0.1248 0.392003
0 0.8742 0.974638 0.0238782 0.0507241 0.380941
0 0.445427 0.833429 0.0338761 0.15462 0.361225
0 0.521664 0.951198 0.0811846 0.0976038 0.35449
0 0.0621457 0.840371 0.03673 0.118869 0.315382
0 0.666468 0.249961 0.0286847 0.138158 0.292986
0 0.739885 0.940187 0.0256453 0.080742 0.265668
0 0.0559334 0.859548 0.0254347 0.069981 0.260569
0 0.148416 0.81655 0.0395889 0.0891056 0.22491
0 0.127426 0.180424 0.037112 0.116051 0.211177
0 0.727649 0.762525 0.0342289 0.152754 0.200583
0 0.147824 0.930463 0.0366553 0.134903 0.183183
0 0.0325949 0.770107 0.0246498 0.108889 0.143188
0 0.145491 0.91125 0.0408532 0.124387 0.140161
0 0.289518 0.296728 0.0291458 0.114192 0.138073
0 0.0770916 0.246069 0.0426593 0.108803 0.135584
0 0.656389 0.642637 0.024416 0.0778126 0.130848
0 0.632861 0.432718 0.034637 0.111181 0.12737
0 0.0593161 0.869259 0.0314291 0.0840794 0.121996
30 0.494003 0.423245 0.0315063 0.21084 0.113708
0 0.242571 0.956769 0.0311007 0.0864611 0.112761
0 0.696654 0.461432 0.0318487 0.207986 0.105545
0 0.89788 0.790427 0.0223779 0.0866457 0.105128
0 0.190101 0.270423 0.0467486 0.0895775 0.101074
