0 0.710236 0.961193 0.0369741 0.0776148 0.381304
0 0.47754 0.861304 0.03402 0.100316 0.332245
0 0.777237 0.443689 0.0211046 0.116838 0.239322
0 0.982273 0.763995 0.0351127 0.231617 0.21707
0 0.845065 0.231346 0.0265585 0.0861241 0.209656
0 0.514755 0.32908 0.0197151 0.0766927 0.195742
0 0.774732 0.786596 0.0328705 0.134952 0.174171
0 0.23537 0.154902 0.0421251 0.101327 0.173998
0 0.871974 0.314439 0.0343697 0.0996475 0.171795
0 0.658049 0.218231 0.0212555 0.0812787 0.149441
0 0.736003 0.186416 0.0294817 0.0970596 0.148921
0 0.157498 0.964198 0.0460706 0.0716034 0.147204
0 0.574635 0.336912 0.0256397 0.0947897 0.145259
0 0.27695 0.320223 0.0321157 0.114102 0.137787
0 0.624849 0.183538 0.0253988 0.114384 0.131633
0 0.626259 0.17144 0.0249062 0.0868548 0.12622
0 0.624729 0.210664 0.0257879 0.168115 0.117873
0 0.984253 0.697344 0.0306754 0.0981349 0.113319
0 0.762577 0.958829 0.0288189 0.0817791 0.110199
0 0.181857 0.279818 0.0318615 0.0907493 0.108698
0 0.0093361 0.948849 0.0185424 0.0963735 0.102744
0 0.156671 0.928829 0.0489152 0.142342 0.101561
