0 0.551293 0.957992 0.0441604 0.0840168 0.581988
0 0.908597 0.798719 0.0381568 0.0940496 0.474435
0 0.536867 0.779998 0.0292412 0.173287 0.465294
0 0.851098 0.737389 0.027396 0.0993819 0.435162
0 0.335891 0.860765 0.0360359 0.0907416 0.32939
0 0.786262 0.945802 0.0417423 0.108396 0.284346
0 0.649629 0.821209 0.0420208 0.137735 0.279381
0 0.965578 0.841534 0.0427166 0.103364 0.238121
0 0.231183 0.229093 0.0300375 0.0838745 0.210205
0 0.612699 0.19334 0.0261069 0.0991617 0.204299
0 0.639795 0.131444 0.0232977 0.110664 0.204275
0 0.886967 0.645883 0.0317166 0.0892493 0.195773
0 0.606027 0.895777 0.0246017 0.0924683 0.193081
30 0.287623 0.620214 0.0888717 0.51471 0.177629
0 0.178061 0.319773 0.0307213 0.123607 0.16761
0 0.0955893 0.191975 0.0274552 0.131715 0.161868
0 0.0154528 0.58811 0.0309057 0.207798 0.160274
0 0.291716 0.962118 0.0326123 0.0757642 0.159392
0 0.38188 0.719926 0.0192816 0.0857448 0.158274
0 0.53048 0.440983 0.0237 0.111163 0.149643
30 0.234299 0.549031 0.067527 0.436058 0.147781
2 0.0138826 0.0504932 0.0277652 0.0956937 0.145748
0 0.146481 0.950566 0.0346891 0.0895783 0.143427
0 0.705884 0.673553 0.0364886 0.106177 0.13414
0 0.618535 0.597837 0.0194784 0.0912655 0.134135
0 0.275115 0.15995 0.0370039 0.113501 0.121783
0 0.792908 0.943683 0.0264298 0.104231 0.120916
30 0.209686 0.551623 0.10576 0.445509 0.118762
0 0.489647 0.866909 0.0261389 0.0919998 0.115897
0 0.0124046 0.458762 0.0246343 0.137884 0.114272
0 0.831946 0.556573 0.0309939 0.0790274 0.111711
0 0.461567 0.438413 0.0239598 0.0938134 0.103795
0 0.782184 0.129557 0.0270451 0.109541 0.102891
