0 0.389418 0.960553 0.0447767 0.0788936 0.457838
9 0.247065 0.0249329 0.035896 0.0489818 0.434364
0 0.558216 0.95819 0.0314796 0.081075 0.414433
0 0.460615 0.0394408 0.0269636 0.0788816 0.398647
0 0.775221 0.707594 0.0291256 0.129663 0.383143
0 0.375462 0.0451982 0.0243924 0.0903964 0.362182
0 0.150576 0.797336 0.036193 0.104267 0.337654
0 0.917838 0.769267 0.0301956 0.100785 0.283133
0 0.0766198 0.941379 0.0341233 0.117243 0.275536
0 0.933845 0.406822 0.0346614 0.124566 0.26437
0 0.0739228 0.976351 0.0280692 0.0472975 0.258304
0 0.615437 0.802025 0.0244854 0.0855645 0.236869
0 0.0322871 0.785262 0.0323129 0.10715 0.231643
0 0.178879 0.920337 0.0509031 0.0992174 0.229225
0 0.752429 0.945609 0.0274962 0.0969256 0.221541
30 0.417018 0.693109 0.0543372 0.31658 0.220492
0 0.648243 0.904876 0.0255676 0.0564442 0.20912
30 0.370538 0.611688 0.0704019 0.453247 0.207012
0 0.58938 0.867372 0.0327148 0.107758 0.199544
0 0.459087 0.86422 0.0274453 0.0803944 0.182845
0 0.372797 0.280849 0.0216963 0.116524 0.178173
0 0.382451 0.277922 0.0408645 0.134151 0.173236
0 0.516034 0.870484 0.0331804 0.101113 0.172292
0 0.103504 0.218161 0.0400034 0.107519 0.168211
0 0.77461 0.935724 0.034473 0.1202 0.165759
31 0.179692 0.956369 0.0491041 0.0309901 0.162268
0 0.146975 0.807137 0.0314815 0.0828651 0.160375
0 0.115306 0.353322 0.0496152 0.145877 0.150343
0 0.309791 0.249315 0.0362765 0.156748 0.145815
0 0.389164 0.275901 0.028819 0.129933 0.140131
30 0.424725 0.568782 0.0846579 0.554955 0.133185
0 0.770077 0.974809 0.0256738 0.0503822 0.13256
30 0.382553 0.590167 0.0611854 0.429113 0.130643
0 0.0771418 0.920315 0.0318404 0.082156 0.124547
0 0.884604 0.500797 0.0303228 0.0969619 0.123991
0 0.213659 0.57389 0.0292253 0.14814 0.12277
0 0.432163 0.271446 0.0183429 0.0748889 0.120683
0 0.460951 0.87247 0.0323321 0.0983896 0.118742
30 0.150052 0.480137 0.107455 0.365742 0.116894
0 0.949785 0.563779 0.0346016 0.100462 0.115967
30 0.303493 0.490696 0.0641338 0.382115 0.113838
0 0.388566 0.842617 0.0260975 0.067853 0.108294
30 0.33784 0.5895 0.0808335 0.456167 0.10625
0 0.694906 0.971698 0.0334038 0.0566048 0.102969
24 0.191655 0.876157 0.0392473 0.0805631 0.102093
0 0.647501 0.918522 0.0337309 0.0883689 0.101769
0 0.179683 0.205469 0.0253744 0.0978175 0.100805
30 0.305837 0.561654 0.061256 0.47154 0.100612
