0 0.507168 0.860314 0.0316112 0.0954036 0.582894
0 0.743572 0.960087 0.0396137 0.0798268 0.477369
0 0.592633 0.850428 0.0327459 0.110588 0.473468
0 0.487878 0.97716 0.0338983 0.0456807 0.34852
0 0.266081 0.148624 0.0387771 0.106054 0.331054
0 0.738851 0.964386 0.0291777 0.0712284 0.306351
0 0.975949 0.692448 0.0477814 0.355574 0.252253
0 0.800293 0.789224 0.0356043 0.176816 0.223625
30 0.287726 0.613705 0.0660759 0.464997 0.205214
0 0.730251 0.73752 0.0507464 0.201082 0.18875
0 0.798331 0.967644 0.0265776 0.0647117 0.187672
0 0.335009 0.317193 0.023297 0.107278 0.180621
0 0.133842 0.850389 0.0364791 0.0953881 0.179701
0 0.780613 0.588341 0.0218101 0.089133 0.172111
0 0.762297 0.189126 0.0303779 0.103327 0.169996
0 0.681648 0.217014 0.0226148 0.0872183 0.162697
0 0.67857 0.84182 0.0212379 0.0836549 0.157279
0 0.867791 0.228485 0.0258381 0.0893079 0.155285
0 0.0972536 0.183127 0.0247148 0.0969665 0.153838
0 0.156991 0.965015 0.0409382 0.0699705 0.15248
0 0.29478 0.323451 0.0339456 0.114141 0.150721
0 0.122024 0.901404 0.0273316 0.0779679 0.14452
0 0.711047 0.103231 0.0231397 0.0882833 0.144381
30 0.916176 0.603398 0.0718414 0.56282 0.132584
0 0.881335 0.766948 0.0218502 0.0746983 0.131823
0 0.364752 0.314298 0.0257039 0.103175 0.131098
0 0.649848 0.806709 0.0266745 0.10842 0.126101
30 0.568083 0.525805 0.0473185 0.386091 0.124536
0 0.433544 0.0961755 0.0367872 0.11912 0.119527
0 0.308209 0.0300721 0.0334337 0.0601443 0.113299
0 0.981466 0.659559 0.0363123 0.296927 0.112588
30 0.35674 0.627752 0.0940805 0.483836 0.105237
30 0.388538 0.621719 0.0589874 0.429222 0.102203
0 0.127742 0.554024 0.0416019 0.173821 0.10104
