0 0.579439 0.232716 0.0404228 0.104574 0.506416
0 0.942851 0.98055 0.0295184 0.0389007 0.497683
0 0.0998286 0.179806 0.0342684 0.0948576 0.465076
0 0.869075 0.242253 0.0328083 0.120031 0.437176
0 0.396358 0.186351 0.0273627 0.0956369 0.420292
0 0.323116 0.312371 0.0314749 0.108617 0.411314
0 0.169619 0.280991 0.0290821 0.0846432 0.374328
0 0.522093 0.941915 0.0320635 0.114901 0.348017
0 0.825067 0.128964 0.0308617 0.172354 0.342294
0 0.941758 0.596644 0.0478084 0.201151 0.33916
0 0.932066 0.59482 0.0257092 0.191935 0.336635
0 0.905014 0.52485 0.0256847 0.121266 0.331419
0 0.690517 0.825792 0.0230451 0.0932038 0.315948
0 0.828835 0.575895 0.0396031 0.123742 0.301229
0 0.0703399 0.230599 0.0248113 0.0920499 0.298197
0 0.966235 0.136368 0.0578238 0.260703 0.286074
0 0.930151 0.555254 0.0241636 0.111341 0.275567
0 0.752505 0.497524 0.0369155 0.186417 0.258577
0 0.826003 0.167375 0.0313503 0.0977049 0.252307
0 0.823808 0.0941104 0.0277422 0.107885 0.251315
0 0.523139 0.321936 0.0203083 0.10015 0.246926
0 0.150447 0.808948 0.0347745 0.109771 0.245607
0 0.052844 0.941859 0.031913 0.0554332 0.224008
0 0.753047 0.455242 0.0339745 0.0987359 0.214799
0 0.933135 0.597976 0.0352301 0.204609 0.201106
0 0.0603699 0.964683 0.0348302 0.0706341 0.195109
0 0.142479 0.914548 0.0554492 0.165449 0.193561
0 0.328829 0.660255 0.0241211 0.113706 0.186734
0 0.195181 0.791337 0.0277698 0.0974477 0.182308
0 0.0561473 0.957658 0.0380861 0.0833782 0.180775
0 0.795364 0.0576844 0.041573 0.115369 0.165634
30 0.825871 0.202246 0.0341664 0.0327853 0.163237
0 0.964686 0.533585 0.019913 0.0948558 0.162132
0 0.103118 0.181702 0.0233662 0.0935665 0.160554
0 0.296409 0.659143 0.0258421 0.109057 0.159703
0 0.864965 0.251252 0.0292976 0.114907 0.157646
0 0.966542 0.183683 0.0540833 0.158654 0.15053
31 0.824578 0.203302 0.0310021 0.0299989 0.144025
0 0.0641746 0.979874 0.026918 0.0402523 0.14371
30 0.232902 0.578711 0.0869744 0.486669 0.141419
0 0.457106 0.384502 0.0295298 0.100708 0.136956
0 0.636169 0.333566 0.0283836 0.119384 0.134529
0 0.624354 0.665453 0.0221027 0.0953697 0.129301
0 0.192019 0.782965 0.0180744 0.0820789 0.1239
0 0.556612 0.0243202 0.0174416 0.0486404 0.121246
0 0.971976 0.0732254 0.0455067 0.141648 0.115981
0 0.146334 0.89496 0.046822 0.122404 0.106298
0 0.952258 0.593123 0.0428942 0.212807 0.103697
0 0.868885 0.475111 0.0286295 0.0815528 0.103475
