0 0.868098 0.248485 0.0312793 0.122116 0.531849
0 0.171036 0.281968 0.0293284 0.0873533 0.507516
0 0.394036 0.188499 0.0326436 0.0952576 0.489158
0 0.828848 0.16417 0.0308743 0.10222 0.488866
0 0.833155 0.575849 0.0367867 0.123254 0.479098
0 0.580748 0.23318 0.0324541 0.103672 0.470853
0 0.945266 0.981102 0.0295109 0.0377956 0.45446
0 0.323854 0.307298 0.030807 0.102718 0.419167
0 0.906894 0.52531 0.0280983 0.117664 0.402484
0 0.200878 0.791781 0.0378612 0.0980684 0.365511
0 0.0997602 0.179319 0.0346586 0.096074 0.365021
0 0.965605 0.182782 0.042107 0.148938 0.341972
0 0.151131 0.810377 0.0329347 0.107977 0.340673
0 0.82311 0.0920307 0.0261154 0.105137 0.325244
0 0.930491 0.553005 0.0243126 0.103747 0.314665
0 0.0690372 0.231081 0.0276759 0.093682 0.287429
0 0.295155 0.666135 0.0290762 0.115146 0.261233
0 0.0621605 0.960227 0.0425427 0.0795452 0.249458
0 0.945287 0.600941 0.0560398 0.202637 0.246062
0 0.422286 0.316143 0.0332474 0.111958 0.24324
0 0.054301 0.942186 0.033452 0.053889 0.24042
0 0.751311 0.502244 0.0355158 0.192069 0.209915
0 0.637624 0.336341 0.0264391 0.124093 0.208382
0 0.327272 0.660937 0.0235571 0.111298 0.200284
0 0.432776 0.912749 0.0237734 0.0862366 0.189101
0 0.624882 0.665078 0.0227565 0.0977255 0.185245
0 0.0187195 0.569841 0.0310261 0.11478 0.182297
0 0.752701 0.455856 0.0314821 0.101214 0.180031
0 0.933728 0.598717 0.0319939 0.199956 0.173208
0 0.971116 0.0822673 0.0506512 0.15658 0.168938
0 0.458759 0.386866 0.0287993 0.106271 0.167254
30 0.234375 0.580334 0.0885414 0.493459 0.166977
0 0.141564 0.915749 0.0529738 0.165621 0.155429
30 0.827342 0.202973 0.0336811 0.0317479 0.155225
0 0.194203 0.787809 0.0186324 0.0925512 0.153128
0 0.0657737 0.979253 0.0363581 0.041494 0.152156
0 0.425991 0.403536 0.0268521 0.103729 0.150115
0 0.520114 0.938723 0.0279812 0.106819 0.149282
0 0.046481 0.867441 0.0459477 0.087481 0.133136
0 0.280826 0.593596 0.01929 0.070168 0.115215
0 0.689577 0.82523 0.0279087 0.0953381 0.114738
0 0.96831 0.0582254 0.0440365 0.103056 0.114349
0 0.146631 0.872855 0.0364553 0.0751533 0.113323
0 0.441512 0.117691 0.0331798 0.0800212 0.111729
0 0.147654 0.947779 0.0373224 0.0928382 0.107039
0 0.971852 0.115762 0.0515756 0.204504 0.104268
0 0.870567 0.472934 0.0277405 0.0777261 0.103981
0 0.0566016 0.949727 0.037104 0.0655678 0.10315
0 0.136991 0.897516 0.050237 0.125115 0.101598
