0 0.707817 0.960612 0.0373346 0.0787758 0.57035
0 0.560996 0.85867 0.0315789 0.100204 0.47082
0 0.778942 0.444614 0.0217135 0.112803 0.355261
0 0.473262 0.861976 0.0274711 0.0979223 0.301385
0 0.233468 0.154982 0.0403401 0.102079 0.200963
0 0.622984 0.183561 0.0276816 0.115466 0.189621
0 0.733855 0.185741 0.028854 0.0971433 0.187761
0 0.274069 0.318084 0.031775 0.110089 0.181506
0 0.512404 0.33079 0.0205652 0.0805777 0.177696
0 0.655965 0.219181 0.0226921 0.0836264 0.173772
0 0.621429 0.211053 0.0285098 0.165804 0.169663
0 0.759799 0.957163 0.0279709 0.0843777 0.1645
9 0.869829 0.312817 0.032788 0.0944059 0.155498
0 0.156378 0.906174 0.0529558 0.182713 0.142534
0 0.771103 0.785529 0.0382702 0.136403 0.142484
0 0.330555 0.0311881 0.0373648 0.0623762 0.14188
0 0.777898 0.791541 0.0256925 0.137348 0.139655
0 0.111794 0.77896 0.0434351 0.181447 0.13574
0 0.982428 0.764569 0.0348305 0.233495 0.131327
0 0.57084 0.336597 0.0195997 0.0944918 0.129575
0 0.158354 0.961466 0.0514707 0.0770662 0.119314
0 0.158426 0.943339 0.0508109 0.108812 0.11007
0 0.677721 0.1064 0.0331854 0.0932218 0.108498
0 0.00997734 0.93287 0.0198641 0.126815 0.108208
0 0.412316 0.26312 0.0271589 0.0938278 0.107782
0 0.515329 0.982951 0.0268119 0.0340985 0.107741
0 0.559196 0.217209 0.0302021 0.0902476 0.105195
0 0.18073 0.281788 0.0317834 0.0875285 0.103992
0 0.452597 0.161914 0.0172338 0.0825613 0.103339
