0 0.154376 0.961425 0.0459841 0.077149 0.372745
0 0.203954 0.169026 0.0390991 0.107875 0.372025
0 0.843859 0.31016 0.031509 0.0963486 0.365378
0 0.855316 0.811013 0.0330517 0.127892 0.338548
0 0.91845 0.967302 0.0373631 0.0653956 0.24918
0 0.968443 0.220953 0.0404672 0.112294 0.242545
0 0.414318 0.24797 0.0260506 0.108091 0.231746
30 0.219981 0.629529 0.080122 0.467564 0.2264
0 0.631801 0.233029 0.0234497 0.0905934 0.225676
0 0.0746851 0.319737 0.0292387 0.0977576 0.220204
0 0.674272 0.959387 0.0368579 0.0812262 0.218723
0 0.376946 0.11129 0.0344661 0.121072 0.212167
0 0.977115 0.222789 0.0232855 0.104036 0.204572
30 0.313486 0.531577 0.0672278 0.389043 0.187865
0 0.748775 0.794846 0.0338806 0.127038 0.184507
0 0.954502 0.709538 0.0406328 0.105509 0.170371
0 0.80541 0.440647 0.0206327 0.109973 0.169424
0 0.171521 0.961199 0.0860498 0.0776029 0.149723
0 0.912823 0.627175 0.0255238 0.0973019 0.145783
0 0.534009 0.215097 0.0300713 0.0941707 0.142251
0 0.800814 0.705233 0.0447054 0.142495 0.134139
30 0.234018 0.597469 0.111777 0.533014 0.132889
0 0.725771 0.951299 0.0311681 0.0931104 0.130011
30 0.279 0.518661 0.0537969 0.370985 0.12902
0 0.367132 0.257846 0.0221268 0.0966204 0.127179
30 0.323678 0.516437 0.0540054 0.359814 0.124523
30 0.255527 0.597672 0.0794383 0.524597 0.123838
0 0.355393 0.0294084 0.0341677 0.0588168 0.123668
30 0.310099 0.582894 0.0789741 0.502917 0.119943
0 0.796561 0.600775 0.0383574 0.101157 0.118121
0 0.738511 0.271086 0.0238982 0.114134 0.114937
0 0.161142 0.315706 0.0284501 0.0879319 0.111978
0 0.60198 0.173669 0.0234327 0.0902203 0.109349
30 0.290437 0.583334 0.0703483 0.497382 0.107756
0 0.206568 0.426371 0.0263043 0.101929 0.107134
0 0.70583 0.186371 0.0261089 0.101676 0.105541
0 0.546941 0.328387 0.0199191 0.0930766 0.103842
0 0.0746149 0.338118 0.0337957 0.137455 0.103473
0 0.19971 0.818444 0.038656 0.09685 0.100873
0 0.37764 0.101196 0.028907 0.100414 0.100042
