0 0.771437 0.189661 0.0291611 0.0894142 0.58134
0 0.42524 0.0429796 0.0238294 0.0859593 0.45703
0 0.122419 0.923558 0.0387834 0.107243 0.405477
9 0.206836 0.0294769 0.0281859 0.0579516 0.376849
0 0.111588 0.802225 0.0451796 0.089609 0.376197
0 0.967628 0.0805344 0.0329075 0.0935406 0.372805
0 0.497783 0.868243 0.0394394 0.0900683 0.369953
0 0.807933 0.970755 0.0329908 0.0584891 0.351784
0 0.425886 0.955863 0.0430158 0.0868574 0.347073
0 0.93646 0.773201 0.0317148 0.102492 0.33674
0 0.130835 0.922457 0.0522722 0.109178 0.305603
0 0.654388 0.808601 0.0342838 0.0894818 0.299861
0 0.209259 0.780246 0.0342965 0.105138 0.238812
0 0.0612184 0.21239 0.0279615 0.0925867 0.23266
0 0.0258589 0.944133 0.0340853 0.111733 0.230975
0 0.437779 0.859102 0.0350664 0.0858214 0.221343
0 0.682093 0.386282 0.0236508 0.0936819 0.215517
0 0.165263 0.290728 0.0352424 0.107941 0.213378
0 0.684103 0.926429 0.0348363 0.0857494 0.209749
0 0.144702 0.872572 0.0311386 0.0820022 0.167162
9 0.587195 0.329398 0.0208668 0.0860335 0.163175
0 0.577529 0.922625 0.0264862 0.0949211 0.161941
0 0.0903079 0.146283 0.0253044 0.106687 0.157011
0 0.598786 0.953851 0.0262371 0.0879312 0.147901
0 0.208375 0.771692 0.0272554 0.0889571 0.142247
0 0.599392 0.741699 0.0318938 0.0979754 0.140185
0 0.763783 0.969505 0.0272997 0.0601736 0.139001
0 0.205159 0.651978 0.0446561 0.188777 0.136518
0 0.0664609 0.214378 0.0398642 0.0945083 0.135759
0 0.916222 0.507923 0.0300833 0.103733 0.132062
0 0.972428 0.0779708 0.0236401 0.0877342 0.131777
0 0.854108 0.577523 0.0279248 0.0989622 0.128488
0 0.333686 0.281334 0.0235561 0.121758 0.126847
0 0.808428 0.703474 0.026424 0.11869 0.125553
0 0.0874009 0.329521 0.0273619 0.0843737 0.125168
0 0.0242188 0.957556 0.0302862 0.0848878 0.116042
0 0.175872 0.592265 0.0337538 0.126718 0.109107
0 0.736864 0.958496 0.0332789 0.0830081 0.108546
0 0.02606 0.968678 0.0332074 0.0626433 0.106453
30 0.37186 0.626271 0.0687558 0.40836 0.105613
0 0.205756 0.614731 0.0353926 0.105421 0.102981
0 0.271688 0.258956 0.0330022 0.157185 0.102194
