0 0.785204 0.231864 0.0287088 0.140802 0.418422
0 0.0581167 0.949865 0.0407764 0.0971524 0.403919
0 0.610675 0.250237 0.0234896 0.0995643 0.400682
0 0.457432 0.951373 0.0394195 0.0956515 0.384346
0 0.550301 0.979508 0.0248014 0.0409838 0.313264
0 0.963852 0.452304 0.0233669 0.118522 0.297773
0 0.892143 0.563352 0.0279064 0.0912428 0.293374
0 0.57033 0.804766 0.0285839 0.138825 0.275187
30 0.0833748 0.701163 0.0596926 0.318983 0.217097
30 0.147074 0.532861 0.0783075 0.423791 0.205106
30 0.0421661 0.681998 0.0759807 0.33485 0.198046
0 0.70711 0.806641 0.0360811 0.116299 0.194945
0 0.366011 0.979964 0.02243 0.0400727 0.191094
0 0.539901 0.190135 0.0258198 0.102751 0.185772
0 0.393896 0.845661 0.0291961 0.0809522 0.175608
0 0.452838 0.200061 0.0276739 0.0905767 0.165554
0 0.110484 0.980749 0.0244635 0.0385022 0.159492
0 0.358619 0.416876 0.0254881 0.0976302 0.150783
0 0.512421 0.859227 0.0353672 0.0917297 0.144821
0 0.329441 0.356632 0.0212758 0.0820645 0.14066
0 0.13858 0.754608 0.0400226 0.120878 0.1395
0 0.212477 0.907097 0.0342205 0.0938787 0.13859
0 0.899367 0.795291 0.0240497 0.0873071 0.132816
0 0.14528 0.948342 0.0401876 0.102208 0.128442
0 0.757726 0.773505 0.040054 0.114314 0.12743
0 0.285263 0.287975 0.024617 0.0931556 0.122528
0 0.681368 0.291459 0.0325855 0.0821777 0.119337
0 0.670403 0.969572 0.0457272 0.060856 0.11436
0 0.379993 0.109187 0.0213092 0.101942 0.107489
0 0.765164 0.756739 0.0235363 0.0829215 0.106506
