0 0.964231 0.558864 0.0320721 0.0944009 0.562443
0 0.934736 0.541644 0.0260948 0.103602 0.455312
0 0.251809 0.919136 0.0259908 0.104124 0.41358
0 0.585468 0.871621 0.0263878 0.0918575 0.254264
0 0.552852 0.9605 0.0528539 0.0790008 0.233856
30 0.47421 0.71915 0.0399136 0.333873 0.224159
0 0.102412 0.88436 0.0339532 0.0788587 0.20204
0 0.175965 0.850797 0.0397378 0.153704 0.193875
30 0.464852 0.695428 0.0601469 0.386151 0.192046
0 0.834045 0.629937 0.0268253 0.094408 0.189352
0 0.660616 0.799346 0.0414891 0.109031 0.181784
0 0.456967 0.195645 0.0254503 0.109242 0.162609
0 0.144982 0.943957 0.0422356 0.101802 0.16208
30 0.482503 0.723422 0.0488571 0.319787 0.160981
0 0.913259 0.983719 0.0169826 0.0325612 0.158833
0 0.356072 0.0437676 0.0191506 0.0875353 0.156908
0 0.699492 0.753012 0.030859 0.111845 0.155066
0 0.787501 0.406863 0.0365839 0.104982 0.151292
0 0.446654 0.974051 0.0345727 0.0518977 0.150935
0 0.693331 0.247216 0.0275677 0.139421 0.150212
0 0.599129 0.289409 0.0343161 0.0891367 0.148768
0 0.0736728 0.783088 0.0279667 0.112238 0.148672
0 0.434702 0.380441 0.0345051 0.200539 0.144929
0 0.698887 0.779254 0.0314756 0.161343 0.138592
0 0.274897 0.0632628 0.0228784 0.101083 0.135108
0 0.778355 0.958169 0.0221911 0.0828091 0.132742
30 0.385536 0.558981 0.0668512 0.378903 0.130385
0 0.0233195 0.878156 0.0296782 0.0891102 0.125032
0 0.557113 0.948934 0.0582527 0.102132 0.122726
0 0.940757 0.545905 0.0367336 0.111917 0.122631
0 0.207284 0.267438 0.030049 0.104457 0.122183
31 0.324422 0.424327 0.0287409 0.198829 0.118318
30 0.425255 0.7283 0.0529414 0.313043 0.117159
30 0.433416 0.728091 0.0503203 0.328269 0.114995
0 0.547309 0.968135 0.0416983 0.0637299 0.11404
31 0.339967 0.423736 0.0575193 0.223399 0.112015
0 0.373413 0.195665 0.0329219 0.0957481 0.11097
0 0.179493 0.871166 0.0315015 0.115285 0.110716
30 0.397045 0.695598 0.0416512 0.354338 0.107155
0 0.433382 0.334797 0.0257315 0.108799 0.10509
0 0.406611 0.223688 0.025862 0.0548813 0.101642
0 0.2859 0.832931 0.0277827 0.0831741 0.101636
30 0.273069 0.551798 0.057873 0.353543 0.100296
