0 0.426139 0.963123 0.0343521 0.0720079 0.551642
0 0.0470083 0.870927 0.0324492 0.0952102 0.472792
0 0.586071 0.857616 0.0337149 0.0863995 0.42617
0 0.154747 0.959078 0.0358305 0.0811073 0.421249
0 0.502569 0.0754845 0.0374952 0.104132 0.376884
0 0.217797 0.293483 0.0225223 0.114535 0.293295
0 0.67154 0.791338 0.0249092 0.0985211 0.289014
0 0.261271 0.822017 0.0287742 0.106867 0.284543
0 0.620916 0.22232 0.0191527 0.0945555 0.275436
0 0.715457 0.181966 0.0387782 0.130646 0.262179
0 0.582869 0.283369 0.0396372 0.118671 0.252557
14 0.840657 0.953172 0.040102 0.0936556 0.251344
0 0.840744 0.953628 0.0394298 0.0927441 0.224143
0 0.153056 0.289218 0.022834 0.0942781 0.219969
0 0.580774 0.300131 0.0362858 0.0823241 0.219399
0 0.400238 0.370139 0.0384653 0.118994 0.203832
0 0.486738 0.305065 0.0282915 0.0934627 0.20142
0 0.728058 0.853557 0.0206311 0.0964541 0.2011
0 0.531283 0.325564 0.0209776 0.0923539 0.201077
0 0.347755 0.116689 0.0230753 0.102079 0.196238
0 0.275807 0.32191 0.0280062 0.126544 0.194852
0 0.236439 0.169438 0.0291622 0.101623 0.192399
0 0.751425 0.197741 0.0318209 0.0948019 0.189073
0 0.793737 0.109421 0.0225924 0.0915745 0.186801
0 0.277357 0.306749 0.0254758 0.0954205 0.17421
0 0.715101 0.164869 0.036005 0.0965561 0.161209
30 0.477684 0.601569 0.0627972 0.54818 0.157415
0 0.131681 0.829787 0.025937 0.0772861 0.152554
0 0.658838 0.228444 0.0311889 0.0845682 0.148992
0 0.900387 0.279265 0.0332717 0.100603 0.148834
0 0.704687 0.900656 0.0286585 0.0905352 0.146198
0 0.540812 0.628592 0.0236927 0.126259 0.138503
30 0.464386 0.510892 0.0694235 0.358808 0.13347
0 0.011706 0.429352 0.023412 0.0881693 0.126073
0 0.791959 0.111856 0.0328934 0.093214 0.124801
0 0.128655 0.667352 0.0362559 0.117551 0.117484
0 0.123792 0.716931 0.0492843 0.221724 0.113028
0 0.247203 0.0300685 0.0207171 0.060137 0.111208
0 0.119436 0.876153 0.0421096 0.101745 0.108486
30 0.434799 0.603153 0.0677929 0.543278 0.107214
31 0.0183322 0.938871 0.0357376 0.0249067 0.106264
30 0.475508 0.472588 0.0608296 0.398471 0.105845
0 0.654893 0.223638 0.0254792 0.0756775 0.105213
0 0.969907 0.816972 0.0206222 0.0859015 0.102818
30 0.382812 0.659519 0.0804152 0.400194 0.100583
