0 0.230625 0.851704 0.0499077 0.0946714 0.52656
0 0.494962 0.637407 0.0211533 0.083809 0.476018
0 0.588079 0.966249 0.0385055 0.0675017 0.465205
0 0.276007 0.0629041 0.0246397 0.0802028 0.422923
0 0.62461 0.888478 0.0402403 0.0818877 0.358905
0 0.75764 0.972345 0.0255592 0.0548206 0.357551
0 0.126849 0.239249 0.0332156 0.154423 0.283953
0 0.946732 0.973905 0.0351483 0.05219 0.261321
0 0.812919 0.81293 0.0413504 0.087554 0.259457
0 0.102705 0.413063 0.0256875 0.0912297 0.257093
0 0.732379 0.733054 0.0308112 0.110357 0.238098
0 0.145501 0.515443 0.032845 0.0943942 0.233964
0 0.817021 0.808822 0.0292965 0.0809664 0.2276
0 0.15678 0.747111 0.0389008 0.155606 0.21112
0 0.923335 0.742034 0.034678 0.146449 0.205612
0 0.724037 0.908398 0.0310602 0.101639 0.186529
0 0.0608919 0.141306 0.0324943 0.100776 0.170008
0 0.179811 0.281134 0.0206767 0.095539 0.169046
0 0.123506 0.744519 0.0243357 0.0862271 0.163637
0 0.0539664 0.593378 0.0293859 0.0890371 0.161619
0 0.919066 0.134743 0.0323282 0.091633 0.150474
0 0.232492 0.591586 0.0245909 0.079511 0.14602
0 0.662679 0.838778 0.0338567 0.0829253 0.137841
0 0.850742 0.921212 0.0316642 0.0629328 0.131225
0 0.0403382 0.731352 0.0441049 0.195491 0.124721
0 0.877377 0.970671 0.0260449 0.0576649 0.123685
30 0.276231 0.107071 0.0383409 0.0281813 0.121085
0 0.690431 0.723207 0.0334493 0.125447 0.119102
0 0.0539281 0.612399 0.0319525 0.12154 0.112782
0 0.142458 0.501546 0.025856 0.0658916 0.111322
9 0.542363 0.391476 0.0334732 0.08524 0.109529
0 0.120028 0.762744 0.0365947 0.124461 0.107696
0 0.231426 0.313031 0.0224096 0.0919089 0.102922
0 0.767667 0.649213 0.04158 0.0943861 0.100945
