0 0.986668 0.0494319 0.0255498 0.0988639 0.434366
0 0.616975 0.97097 0.0301428 0.0580605 0.372777
0 0.0787867 0.220195 0.0474408 0.110051 0.311308
0 0.788293 0.684215 0.0291306 0.0928807 0.299603
0 0.967957 0.943881 0.0464662 0.112239 0.286521
0 0.897069 0.776499 0.0238464 0.095882 0.273338
0 0.859569 0.6996 0.0348729 0.118847 0.265589
0 0.555306 0.94601 0.0402011 0.103974 0.261175
0 0.0291469 0.924545 0.0528013 0.150909 0.216249
0 0.805205 0.409483 0.0287306 0.112983 0.215357
0 0.367464 0.920047 0.0748498 0.159906 0.206075
0 0.935735 0.386602 0.0337641 0.106871 0.190303
0 0.595288 0.0326045 0.0210266 0.0652089 0.161925
0 0.680259 0.930413 0.0286243 0.102145 0.158966
0 0.57504 0.227969 0.0264328 0.12439 0.146934
0 0.0200945 0.923531 0.0385301 0.148386 0.14313
0 0.401494 0.78615 0.0409015 0.149054 0.142349
0 0.683127 0.908821 0.0231142 0.0575839 0.131584
0 0.45122 0.274498 0.0395054 0.0811667 0.12867
0 0.203925 0.172439 0.0205407 0.0928461 0.125873
0 0.474237 0.746049 0.0364481 0.170449 0.124075
0 0.178543 0.981083 0.0318903 0.0378336 0.121342
0 0.750696 0.61985 0.028985 0.10138 0.118624
0 0.820078 0.526666 0.0200069 0.0968152 0.117923
0 0.00635779 0.200234 0.0126947 0.0945865 0.117386
0 0.479565 0.833451 0.041797 0.142241 0.116417
0 0.0898262 0.147496 0.0236615 0.0925667 0.115431
0 0.222144 0.0463028 0.0305194 0.0916139 0.114524
0 0.939839 0.384681 0.0246148 0.102276 0.111873
0 0.303119 0.791428 0.0317562 0.138315 0.110186
0 0.531871 0.274218 0.0362495 0.128228 0.105734
