0 0.913188 0.608473 0.0381171 0.1671 0.552754
0 0.430725 0.95503 0.0391607 0.0885272 0.469718
0 0.043756 0.968425 0.0358624 0.0631498 0.452462
0 0.761974 0.237845 0.0301929 0.132507 0.434035
0 0.364388 0.864762 0.0389128 0.120186 0.41595
0 0.546686 0.820977 0.0337111 0.122667 0.40496
0 0.102159 0.869482 0.0379241 0.0970989 0.330228
0 0.555285 0.439897 0.0248114 0.100995 0.295509
0 0.147214 0.947262 0.0381831 0.101882 0.28334
0 0.520813 0.980732 0.0210375 0.0385357 0.275337
0 0.338497 0.216765 0.033122 0.135556 0.258405
0 0.669834 0.904991 0.0388111 0.0964892 0.258295
0 0.734291 0.836733 0.0269679 0.108301 0.237056
0 0.363951 0.851189 0.0336239 0.0985476 0.227072
0 0.599886 0.285096 0.0260472 0.10129 0.217346
0 0.635629 0.740083 0.0347467 0.112863 0.211309
0 0.177713 0.212298 0.042541 0.106203 0.208153
0 0.457682 0.295163 0.0233685 0.0733931 0.189752
0 0.277012 0.248792 0.0439143 0.0926959 0.181109
0 0.382257 0.0843791 0.0211372 0.0951441 0.177369
0 0.309725 0.799223 0.0498184 0.137214 0.173206
0 0.261013 0.792163 0.0356251 0.157397 0.164134
0 0.433356 0.199789 0.0286896 0.0916273 0.159745
0 0.389992 0.985339 0.0176596 0.0293223 0.157016
0 0.467068 0.0793946 0.0301022 0.10981 0.153187
0 0.275032 0.263628 0.0495885 0.119633 0.149591
0 0.898351 0.794919 0.0230374 0.0867695 0.14818
0 0.615684 0.43801 0.0224889 0.103492 0.140968
30 0.644158 0.553239 0.0343555 0.466468 0.1372
0 0.401666 0.0821731 0.0193697 0.1052 0.132463
0 0.36489 0.889045 0.0393411 0.0827721 0.126018
0 0.488402 0.855501 0.0598228 0.0977536 0.123269
0 0.660185 0.297139 0.0314522 0.0940127 0.120517
0 0.238972 0.87738 0.0352019 0.169212 0.119185
0 0.976085 0.598936 0.0243981 0.0982437 0.118677
0 0.60703 0.659814 0.036188 0.117159 0.117742
0 0.342877 0.0938416 0.0248982 0.119175 0.115896
0 0.736518 0.763232 0.0261358 0.0811147 0.113823
0 0.613139 0.43536 0.028093 0.11996 0.113311
0 0.184486 0.0968129 0.0241544 0.0972871 0.11302
0 0.521412 0.191401 0.0321445 0.101321 0.112423
0 0.41062 0.812753 0.0247401 0.0984982 0.110799
0 0.434409 0.179392 0.0307834 0.130074 0.103976
