0 0.606997 0.971947 0.0337536 0.0561062 0.535282
0 0.692364 0.934826 0.0398432 0.104228 0.52688
0 0.957373 0.939492 0.0330147 0.115676 0.507855
0 0.89729 0.776556 0.0230713 0.0918829 0.375932
0 0.850986 0.70554 0.0314229 0.123005 0.369505
0 0.0177871 0.891895 0.0348856 0.11824 0.333874
0 0.548475 0.938358 0.0288296 0.0994398 0.319048
0 0.201186 0.96116 0.0559426 0.07768 0.251264
0 0.798472 0.415247 0.0324316 0.116932 0.24051
0 0.0858434 0.223452 0.0422917 0.103992 0.23442
0 0.0205844 0.882744 0.0398224 0.151519 0.225156
0 0.746811 0.455488 0.026643 0.0954286 0.218724
0 0.232472 0.0439589 0.0274038 0.0879178 0.203162
0 0.569052 0.982691 0.026046 0.0346184 0.186405
0 0.563922 0.212709 0.0281164 0.087554 0.171103
0 0.574315 0.416256 0.026415 0.0971823 0.167499
0 0.309025 0.78614 0.0293672 0.125135 0.155057
0 0.238561 0.205954 0.0230273 0.0984668 0.148726
0 0.923712 0.387489 0.0376359 0.111752 0.147607
0 0.015776 0.202061 0.031552 0.0985935 0.147098
0 0.207642 0.957981 0.0404349 0.0840197 0.141464
0 0.221901 0.804116 0.0415065 0.0894053 0.139257
0 0.265549 0.925134 0.0240819 0.0627227 0.134389
0 0.091056 0.145002 0.0277092 0.0861058 0.128727
0 0.366293 0.918244 0.0573677 0.155639 0.114942
0 0.679111 0.443222 0.0198748 0.096772 0.114138
0 0.213938 0.173147 0.0197215 0.0937294 0.112063
0 0.603383 0.0350909 0.0329895 0.0701817 0.111326
0 0.572752 0.43243 0.025493 0.128021 0.11115
0 0.582859 0.87097 0.0267738 0.0879867 0.110373
0 0.0280719 0.972084 0.0244136 0.0558328 0.109706
