0 0.885872 0.962848 0.0432853 0.0743036 0.561603
0 0.150597 0.961757 0.0392762 0.0764862 0.513774
0 0.423548 0.861133 0.041334 0.0886843 0.480964
0 0.733736 0.803997 0.0385893 0.145706 0.466168
0 0.874126 0.812468 0.0367531 0.127297 0.363461
0 0.503838 0.85917 0.041234 0.102682 0.354483
0 0.649125 0.959076 0.0447431 0.0818485 0.333275
0 0.932931 0.715828 0.0336949 0.0986769 0.28299
0 0.336849 0.243439 0.0252653 0.102678 0.269523
0 0.0322381 0.842199 0.0477444 0.170627 0.26311
0 0.747469 0.232751 0.0265201 0.103635 0.257501
0 0.436348 0.286679 0.037311 0.104669 0.216388
0 0.782272 0.698044 0.0267392 0.127851 0.21472
30 0.369943 0.52904 0.106578 0.404792 0.208654
0 0.203125 0.900572 0.032545 0.12091 0.204058
0 0.144276 0.267957 0.0306894 0.0984473 0.193103
0 0.667205 0.279005 0.023233 0.0695076 0.184338
0 0.615773 0.240249 0.0276903 0.0914508 0.171931
0 0.726755 0.321942 0.0234147 0.103481 0.158433
0 0.701243 0.948787 0.0524519 0.101095 0.157197
0 0.686946 0.187406 0.02845 0.101202 0.152226
0 0.822083 0.448797 0.0300469 0.10986 0.148802
0 0.355273 0.125641 0.0333865 0.120647 0.148152
0 0.623715 0.0750343 0.0314168 0.144556 0.143707
30 0.438571 0.493412 0.0802636 0.391066 0.134198
30 0.425961 0.506396 0.0612066 0.372211 0.129264
30 0.346736 0.529845 0.063642 0.401544 0.12549
0 0.591745 0.711178 0.0250419 0.0814337 0.121784
0 0.0960678 0.177837 0.0249059 0.101265 0.11213
30 0.386396 0.528459 0.0779949 0.3606 0.109211
0 0.890078 0.62197 0.0239238 0.102364 0.106379
30 0.0379222 0.51006 0.0758444 0.362458 0.105328
30 0.492964 0.54142 0.0367899 0.406614 0.104046
0 0.667946 0.289159 0.0261726 0.0792461 0.102248
0 0.736666 0.822222 0.032993 0.108177 0.101899
