0 0.448033 0.0738131 0.029606 0.101371 0.598545
0 0.660218 0.072525 0.0223015 0.095205 0.565568
0 0.601087 0.0564718 0.0330065 0.110591 0.532427
0 0.691864 0.92021 0.0315785 0.0866259 0.458168
0 0.214089 0.108109 0.0230867 0.0901283 0.428534
0 0.334114 0.252898 0.0223022 0.0981147 0.425415
0 0.935315 0.184421 0.0337884 0.101491 0.422784
0 0.337726 0.953791 0.0514003 0.0902437 0.40984
0 0.653291 0.527954 0.0256042 0.0720915 0.403909
0 0.902639 0.116472 0.0373361 0.0924393 0.384166
0 0.215027 0.881501 0.0399075 0.0857169 0.348329
0 0.965206 0.739808 0.0376492 0.202056 0.344848
30 0.28858 0.507546 0.0507586 0.342743 0.338562
0 0.898995 0.282111 0.0323044 0.104036 0.337218
0 0.616983 0.818854 0.0204358 0.0986027 0.334442
0 0.797401 0.14001 0.0278183 0.103832 0.31311
0 0.164023 0.0337495 0.0374335 0.0674989 0.311631
0 0.456192 0.585289 0.0327034 0.0955541 0.307256
0 0.677359 0.27105 0.0256004 0.138072 0.295269
0 0.6929 0.361851 0.0215046 0.0861674 0.277705
0 0.648593 0.806233 0.0239429 0.0979863 0.277677
0 0.896547 0.732444 0.0355156 0.127064 0.265061
0 0.381225 0.435627 0.0239005 0.102821 0.262532
0 0.732738 0.202196 0.0192912 0.085892 0.259184
0 0.0127983 0.757779 0.0255966 0.13344 0.256262
0 0.799234 0.15746 0.0319151 0.139564 0.248443
0 0.099396 0.184773 0.0249216 0.0950873 0.237667
0 0.670303 0.273246 0.0383989 0.136958 0.225894
0 0.632757 0.595696 0.0211889 0.101759 0.214514
0 0.899463 0.722106 0.0305131 0.105166 0.210079
0 0.604662 0.267329 0.0231314 0.100071 0.207611
0 0.353912 0.313221 0.0216661 0.0915606 0.192977
0 0.967819 0.568697 0.0219448 0.111351 0.178822
0 0.849227 0.177146 0.0247678 0.0821835 0.176894
0 0.4507 0.833436 0.024246 0.0850182 0.171309
3 0.6016 0.0792971 0.0329998 0.0768126 0.168872
30 0.236486 0.548682 0.0692958 0.414673 0.166559
0 0.229268 0.97833 0.0295959 0.0433391 0.16337
0 0.597811 0.422635 0.0243664 0.103984 0.160478
30 0.239838 0.475636 0.0512751 0.282334 0.16046
0 0.750366 0.223341 0.0404937 0.0678765 0.159757
0 0.674591 0.291906 0.0260752 0.100031 0.154904
0 0.968128 0.725259 0.0307104 0.169766 0.152903
0 0.146494 0.387723 0.02631 0.0947005 0.151964
0 0.336946 0.969873 0.0533076 0.0594234 0.14719
0 0.330311 0.453186 0.0247896 0.107926 0.147136
30 0.241098 0.521697 0.054945 0.379646 0.146362
0 0.901319 0.138219 0.036977 0.0511299 0.141004
0 0.747732 0.23696 0.0442192 0.0955946 0.14022
30 0.160539 0.556109 0.088095 0.448672 0.136955
0 0.954049 0.739973 0.0609424 0.202058 0.136928
0 0.679353 0.235988 0.0223121 0.0705615 0.135804
0 0.149355 0.970341 0.0344813 0.0592763 0.128978
0 0.342603 0.959806 0.0419845 0.0776464 0.126522
0 0.726048 0.663325 0.022547 0.102312 0.121572
0 0.454299 0.623729 0.0354979 0.173535 0.121512
0 0.297536 0.0565136 0.0294964 0.0929457 0.119234
0 0.0965098 0.730512 0.0316221 0.0995281 0.118198
0 0.272599 0.196107 0.0233036 0.0856877 0.118008
0 0.347057 0.951605 0.0328747 0.0830763 0.116226
0 0.352395 0.321725 0.0257534 0.110313 0.107731
0 0.963994 0.600358 0.0294605 0.175331 0.104584
0 0.71511 0.599823 0.0370294 0.125182 0.102
0 0.210221 0.291073 0.0257259 0.0838708 0.101947
31 0.233474 0.466422 0.0430891 0.263665 0.101185
30 0.291022 0.58987 0.0541629 0.48956 0.100674
