0 0.528056 0.954645 0.0703454 0.0907093 0.481709
0 0.90161 0.79607 0.0274428 0.0942823 0.366865
0 0.630655 0.172089 0.0213965 0.10114 0.308433
0 0.755637 0.94142 0.0280037 0.109179 0.268597
0 0.817082 0.750602 0.0253563 0.106201 0.268506
0 0.986283 0.75345 0.0269743 0.293355 0.252725
0 0.55535 0.435208 0.026333 0.108932 0.235688
0 0.299924 0.861839 0.0409538 0.109437 0.225228
0 0.743822 0.94307 0.0527294 0.113242 0.221654
30 0.340025 0.622749 0.0565149 0.452516 0.214544
0 0.770559 0.623122 0.0329471 0.0990403 0.212735
30 0.352215 0.632892 0.073814 0.465724 0.191632
0 0.621031 0.811914 0.0427949 0.147415 0.18783
30 0.444937 0.628189 0.0505713 0.481327 0.181116
30 0.258737 0.52275 0.0503095 0.447364 0.173382
0 0.215812 0.0471331 0.022162 0.0942662 0.170561
0 0.800767 0.0909662 0.0239064 0.101532 0.169944
0 0.052324 0.98024 0.0257459 0.039521 0.164783
0 0.0595231 0.210208 0.0257812 0.0978752 0.158693
0 0.151582 0.319168 0.0324716 0.128343 0.140254
0 0.920345 0.442108 0.0256834 0.0961943 0.13793
0 0.517024 0.953542 0.0470598 0.0913981 0.137577
0 0.352423 0.150035 0.0255204 0.104756 0.133759
0 0.487069 0.439753 0.0288435 0.0986644 0.131079
0 0.895327 0.307278 0.0194808 0.0818529 0.120681
30 0.380049 0.63741 0.0851951 0.471793 0.115222
30 0.40067 0.62432 0.0602138 0.499117 0.10554
0 0.854218 0.591125 0.0294834 0.158942 0.103015
30 0.280011 0.543062 0.0711325 0.440491 0.102811
0 0.438435 0.32372 0.0223148 0.0897795 0.101287
