0 0.44659 0.0761552 0.0317049 0.104876 0.569587
0 0.661664 0.0729426 0.0209051 0.095264 0.524265
0 0.688854 0.920621 0.031411 0.0919651 0.503267
0 0.599647 0.0549992 0.0345993 0.109998 0.491728
0 0.212627 0.112237 0.0246134 0.0922264 0.485532
30 0.161357 0.54778 0.0881241 0.436732 0.423501
0 0.618589 0.82129 0.0239966 0.103136 0.41756
0 0.33165 0.252752 0.0224113 0.0953203 0.40931
0 0.602604 0.269669 0.0220623 0.102479 0.391051
0 0.899701 0.281049 0.0324291 0.0985236 0.364955
0 0.932043 0.184824 0.036135 0.102563 0.35049
0 0.164903 0.0337872 0.0346442 0.0675745 0.343566
0 0.672355 0.271878 0.0318408 0.136297 0.331498
0 0.731564 0.203731 0.0174526 0.0888078 0.324812
0 0.339489 0.953459 0.0484272 0.0920426 0.311549
0 0.899293 0.116484 0.0350276 0.0917813 0.296828
0 0.960572 0.740405 0.043972 0.210019 0.293304
0 0.380892 0.435744 0.0237727 0.103879 0.290385
30 0.239631 0.547085 0.0704601 0.394872 0.290196
0 0.690265 0.361707 0.0242599 0.0862169 0.288114
30 0.274922 0.607793 0.0903754 0.530214 0.276265
0 0.213058 0.884924 0.0422768 0.0900445 0.275794
30 0.288105 0.48953 0.0479785 0.325882 0.265079
0 0.0995942 0.185544 0.0249308 0.0963362 0.262723
0 0.455328 0.584406 0.0315519 0.0941357 0.261043
0 0.893038 0.737846 0.0408329 0.128191 0.247933
0 0.656082 0.528044 0.0264101 0.0755214 0.234741
0 0.795827 0.131444 0.0280027 0.0833041 0.233805
0 0.653163 0.800603 0.0204611 0.0896085 0.231399
0 0.677365 0.241438 0.0229796 0.0786507 0.226678
31 0.23327 0.467318 0.0402622 0.264937 0.219297
0 0.274832 0.198846 0.0200518 0.0861805 0.216964
30 0.234769 0.468503 0.0390833 0.271096 0.210872
0 0.148761 0.969724 0.0355605 0.0601796 0.209665
30 0.0481577 0.579442 0.09613 0.496037 0.209562
30 0.293269 0.591247 0.0444386 0.487044 0.200374
0 0.22975 0.975341 0.0295984 0.0493188 0.199904
0 0.666907 0.293153 0.0402882 0.0967687 0.194403
30 0.202078 0.478877 0.0550715 0.276483 0.194298
0 0.353218 0.318461 0.0295878 0.104358 0.18993
0 0.599367 0.425262 0.0233624 0.0994285 0.186826
0 0.797049 0.15966 0.0300875 0.140836 0.182746
0 0.846324 0.181483 0.0278999 0.0876907 0.181376
0 0.351488 0.334748 0.0313219 0.136824 0.170059
0 0.353442 0.304188 0.0266767 0.0752876 0.164955
0 0.148818 0.955222 0.0356189 0.0895554 0.164517
30 0.290891 0.528077 0.0401612 0.381009 0.15818
0 0.296271 0.0537212 0.0295316 0.0855135 0.158142
31 0.277363 0.405455 0.0288599 0.140055 0.151148
0 0.247755 0.089907 0.0211027 0.0821048 0.150156
0 0.299001 0.363994 0.0248741 0.0921542 0.148335
0 0.207523 0.292548 0.02562 0.0832666 0.143552
30 0.248962 0.473642 0.0500598 0.287528 0.141464
0 0.964262 0.767924 0.0286932 0.15675 0.141353
30 0.306571 0.587666 0.0663549 0.430504 0.139682
0 0.898141 0.135546 0.0330395 0.0535052 0.13669
0 0.630974 0.579159 0.0197514 0.0697505 0.136541
3 0.601302 0.0789175 0.0344631 0.0760249 0.135929
30 0.249156 0.593808 0.058229 0.467508 0.134943
30 0.299368 0.526073 0.0567417 0.356443 0.134678
0 0.879113 0.24878 0.0261165 0.0902914 0.134669
0 0.0133606 0.757614 0.0267113 0.135175 0.134426
0 0.632689 0.60637 0.0254126 0.125629 0.133445
0 0.147635 0.388841 0.0259823 0.0976919 0.132838
0 0.404555 0.462022 0.0316388 0.125671 0.131605
0 0.832172 0.984066 0.0329359 0.0318687 0.130811
0 0.550905 0.557141 0.0371013 0.155448 0.12766
0 0.356607 0.44834 0.023191 0.104252 0.119709
30 0.217098 0.546269 0.078196 0.412306 0.119365
0 0.632302 0.322061 0.0164561 0.0845678 0.117828
0 0.712699 0.604641 0.0401312 0.133957 0.112149
0 0.754704 0.219619 0.027434 0.0586178 0.10801
0 0.961592 0.73429 0.0370926 0.153681 0.106138
0 0.872516 0.197257 0.0209724 0.0557553 0.103402
31 0.249317 0.530505 0.0497801 0.191679 0.102998
0 0.453466 0.625427 0.0366487 0.176076 0.101149
