0 0.787886 0.231702 0.027714 0.141849 0.44992
0 0.611562 0.248379 0.0235603 0.101156 0.399987
0 0.961534 0.451588 0.0252472 0.119142 0.397648
0 0.0580657 0.94814 0.0381372 0.0973433 0.30091
30 0.148984 0.528645 0.0822065 0.415428 0.294114
30 0.38063 0.642213 0.0734968 0.454181 0.270397
30 0.30877 0.532669 0.0673781 0.433649 0.266782
0 0.891205 0.56421 0.0293123 0.0908036 0.235472
30 0.0834028 0.703329 0.0593082 0.310822 0.235381
0 0.458854 0.950474 0.03777 0.0948158 0.232575
30 0.358193 0.636194 0.0634473 0.462747 0.221116
0 0.766138 0.760764 0.024413 0.0956549 0.215691
0 0.550774 0.980622 0.0248749 0.0387561 0.212888
0 0.759793 0.77078 0.0381912 0.117589 0.1957
0 0.36343 0.978988 0.0236332 0.0420248 0.184005
30 0.0460728 0.676605 0.0720316 0.345344 0.180107
30 0.328959 0.596554 0.0734937 0.420076 0.163282
0 0.455351 0.19826 0.0282158 0.0937516 0.158311
0 0.335788 0.832745 0.0339342 0.141506 0.156274
0 0.10954 0.981016 0.0264503 0.0379686 0.151189
0 0.544114 0.192977 0.0320324 0.106 0.14403
0 0.708083 0.806975 0.0336702 0.117067 0.141822
0 0.798669 0.643252 0.0226774 0.0624228 0.129569
0 0.0144439 0.823307 0.0288879 0.0983966 0.124564
0 0.145343 0.943117 0.0398661 0.0942893 0.117434
30 0.042933 0.723135 0.070449 0.27086 0.116461
0 0.797409 0.656244 0.0256772 0.0883044 0.116382
30 0.188997 0.560427 0.0556 0.354781 0.110299
0 0.122098 0.327744 0.0510378 0.14943 0.10814
0 0.899638 0.79584 0.0237516 0.0867028 0.103004
0 0.204477 0.193108 0.0403001 0.120366 0.100135
