0 0.370276 0.0562816 0.0239687 0.110571 0.493844
0 0.72039 0.209735 0.027292 0.0913299 0.480291
0 0.474179 0.0388895 0.0223441 0.077779 0.422707
0 0.381461 0.960051 0.0615916 0.0798982 0.418804
0 0.550492 0.959606 0.0403612 0.0807888 0.359971
0 0.0536917 0.793575 0.0481237 0.095841 0.335717
0 0.206717 0.880451 0.0355333 0.0878415 0.307378
0 0.0949224 0.906345 0.0297832 0.0601889 0.298558
0 0.986474 0.731442 0.0267658 0.241617 0.294769
24 0.207735 0.88018 0.0344807 0.0850646 0.290297
0 0.19399 0.202935 0.0278031 0.100315 0.26224
0 0.870615 0.490324 0.0274739 0.0946988 0.258457
0 0.198604 0.892132 0.0524193 0.111814 0.258147
0 0.164575 0.794429 0.0331103 0.103915 0.254695
0 0.265853 0.776042 0.0260307 0.0898851 0.251492
0 0.194145 0.90531 0.0454197 0.121346 0.238258
0 0.0869877 0.365487 0.0393331 0.144935 0.233521
0 0.910968 0.780836 0.0385006 0.121009 0.232085
0 0.406173 0.805036 0.0206278 0.0840812 0.231935
0 0.632333 0.900105 0.0237698 0.0597932 0.230446
0 0.0851027 0.752131 0.0492593 0.167167 0.229198
0 0.190792 0.509276 0.020955 0.0988745 0.22624
0 0.986826 0.667311 0.0255781 0.112124 0.21058
0 0.190568 0.917291 0.0387221 0.100556 0.209501
0 0.0897042 0.978686 0.0287031 0.0426275 0.189083
0 0.100296 0.564754 0.021792 0.067209 0.185637
0 0.986471 0.690567 0.0264282 0.160428 0.185158
0 0.759001 0.978461 0.0280691 0.043078 0.182715
0 0.710828 0.430853 0.0352211 0.144918 0.173813
0 0.372285 0.847342 0.0316076 0.0791861 0.172255
0 0.689072 0.947118 0.0242203 0.0612955 0.168096
0 0.637684 0.402735 0.0222849 0.0862405 0.159658
0 0.778007 0.910718 0.0327164 0.113104 0.158882
0 0.00677475 0.832929 0.0135023 0.0832549 0.157865
0 0.110506 0.220388 0.025819 0.0928375 0.148037
0 0.371583 0.958685 0.0427139 0.0826307 0.144661
0 0.599593 0.840295 0.0381265 0.120979 0.144531
0 0.375048 0.851937 0.040638 0.0873686 0.131217
0 0.101004 0.611708 0.0430614 0.162255 0.125531
0 0.68901 0.957688 0.0281715 0.0818738 0.11492
0 0.600148 0.815335 0.0367182 0.108549 0.114037
0 0.665476 0.490043 0.0250612 0.0862566 0.112704
9 0.267219 0.0244098 0.0335115 0.0488195 0.111038
0 0.100044 0.602193 0.0329655 0.144772 0.109317
0 0.288063 0.634712 0.0223033 0.0826909 0.107975
0 0.164513 0.810082 0.0326071 0.0737533 0.105582
0 0.288014 0.655169 0.0243342 0.120428 0.104714
