0 0.907166 0.598556 0.0326294 0.165924 0.436273
0 0.0485073 0.955361 0.0421462 0.0892784 0.390754
0 0.745816 0.773841 0.0227967 0.105719 0.270137
0 0.440379 0.954626 0.0431666 0.0905846 0.264735
0 0.914434 0.600569 0.0472805 0.179199 0.244338
0 0.143339 0.95067 0.0446256 0.09866 0.24155
0 0.552633 0.819725 0.0373754 0.124188 0.222978
0 0.977428 0.457061 0.0258475 0.123032 0.202319
0 0.768671 0.24089 0.0398428 0.133699 0.202292
0 0.243014 0.829165 0.0293664 0.0878076 0.187429
0 0.382258 0.0921074 0.0219856 0.104914 0.159738
0 0.0946123 0.870419 0.0515798 0.0994571 0.158814
0 0.386741 0.98417 0.026148 0.031659 0.153699
0 0.281314 0.826069 0.0226074 0.0948768 0.134097
0 0.445301 0.167166 0.0407479 0.155355 0.128402
0 0.922537 0.639933 0.0351002 0.0965815 0.12212
0 0.316612 0.806334 0.045491 0.111101 0.120582
0 0.230662 0.910645 0.0372394 0.0949117 0.109991
0 0.60354 0.273511 0.0253143 0.091273 0.105354
0 0.466451 0.29899 0.0309948 0.0838397 0.103979
