0 0.820509 0.956823 0.0516131 0.0858261 0.509389
0 0.434042 0.965494 0.0359389 0.068308 0.462173
0 0.155649 0.957629 0.0382377 0.0815271 0.43321
0 0.229303 0.184797 0.0301654 0.107953 0.368658
0 0.695626 0.892929 0.0286035 0.0904024 0.35618
0 0.575552 0.858104 0.0295729 0.0891022 0.341573
0 0.334198 0.123326 0.0280545 0.0988515 0.304565
0 0.824664 0.19593 0.0306671 0.0996455 0.291886
0 0.476314 0.312101 0.0187818 0.0960714 0.290907
0 0.656834 0.80745 0.0292711 0.11455 0.290037
0 0.742369 0.201165 0.0237059 0.0932016 0.270209
0 0.491914 0.0842897 0.0357059 0.116406 0.244247
0 0.924948 0.223155 0.0302814 0.0905699 0.233984
0 0.26816 0.311629 0.0246134 0.0993431 0.23059
0 0.606511 0.221651 0.0228689 0.0822882 0.229723
30 0.316459 0.509331 0.047758 0.348276 0.228843
0 0.893117 0.284345 0.0244156 0.105437 0.210604
0 0.698198 0.43499 0.0222342 0.108336 0.204223
0 0.111294 0.833395 0.051955 0.160345 0.183435
0 0.14653 0.326586 0.0264256 0.128301 0.172035
0 0.529201 0.626145 0.0260119 0.122597 0.170242
0 0.923948 0.786341 0.0408272 0.197416 0.160279
0 0.922535 0.734931 0.0376412 0.0957158 0.153938
30 0.329503 0.510132 0.0735627 0.365024 0.145179
0 0.951416 0.82581 0.0270782 0.122196 0.136037
0 0.741784 0.591991 0.0281637 0.0997949 0.129711
30 0.335697 0.562246 0.0634125 0.437074 0.129465
0 0.703436 0.157193 0.0256908 0.079081 0.129099
0 0.864005 0.750198 0.0288349 0.109392 0.127708
0 0.122206 0.711548 0.048259 0.185543 0.127213
0 0.404005 0.359835 0.0292542 0.123174 0.126073
0 0.486033 0.0827281 0.0244665 0.0936789 0.125918
0 0.203913 0.299201 0.0398048 0.0998813 0.121895
0 0.739219 0.431653 0.0266376 0.1116 0.117077
0 0.0115644 0.25349 0.0231288 0.072984 0.112661
30 0.315085 0.58449 0.0513334 0.493989 0.11115
0 0.380092 0.322611 0.0202606 0.0590965 0.107059
