0 0.162276 0.599421 0.0275242 0.0994246 0.555067
0 0.222339 0.0639419 0.0268144 0.0839397 0.491268
0 0.0756715 0.239427 0.044808 0.160942 0.458028
0 0.156164 0.828184 0.0522503 0.100412 0.435884
0 0.695635 0.9079 0.0234469 0.0826202 0.433636
0 0.785231 0.905746 0.0423834 0.107055 0.410724
0 0.0749533 0.222592 0.0398561 0.123211 0.397152
0 0.117548 0.30636 0.0412622 0.142615 0.353142
0 0.0754321 0.261061 0.0426433 0.121706 0.343607
0 0.903734 0.932818 0.0428516 0.0968132 0.338093
0 0.817674 0.976581 0.0219053 0.0468372 0.327472
0 0.6483 0.9749 0.0359774 0.0502002 0.32207
0 0.876999 0.81882 0.0233623 0.0756571 0.3213
0 0.042531 0.419315 0.0223308 0.0822727 0.301765
0 0.0418329 0.0392549 0.051167 0.0785098 0.292983
0 0.0667174 0.751894 0.0457032 0.1101 0.28893
9 0.649289 0.31223 0.016637 0.0798658 0.28246
0 0.081804 0.492186 0.0302221 0.0878318 0.274927
31 0.222856 0.108327 0.0341468 0.0238365 0.249711
30 0.222545 0.109279 0.0356043 0.0252951 0.248919
0 0.815997 0.647465 0.0337668 0.100236 0.241472
0 0.779447 0.747163 0.0424957 0.138726 0.237895
0 0.930626 0.97504 0.0236197 0.049919 0.232816
0 0.875733 0.822816 0.031772 0.083033 0.208357
0 0.724949 0.748834 0.0287128 0.103138 0.202151
9 0.650344 0.514973 0.0225643 0.0914879 0.188929
0 0.820979 0.653698 0.043666 0.113414 0.174341
0 0.0395906 0.417432 0.0267148 0.0937612 0.158957
9 0.593038 0.370026 0.0185004 0.0713559 0.145892
0 0.719769 0.829828 0.0330299 0.0810636 0.140843
0 0.0221888 0.137685 0.0313392 0.0936691 0.125609
0 0.969603 0.722827 0.0260125 0.102111 0.125404
0 0.116757 0.328677 0.0394797 0.104175 0.124404
0 0.249 0.575925 0.0422378 0.0917684 0.122529
0 0.972827 0.110446 0.0309992 0.0937806 0.119024
0 0.880152 0.483175 0.0293376 0.122147 0.113456
0 0.913644 0.91681 0.0229879 0.0632256 0.112187
0 0.780576 0.735164 0.0359696 0.113979 0.10901
0 0.786068 0.884596 0.040542 0.142219 0.108821
0 0.0239045 0.161721 0.027878 0.0471003 0.106491
