0 0.646297 0.892038 0.0301495 0.0902045 0.410053
0 0.411612 0.960533 0.048378 0.0789333 0.397019
0 0.49583 0.978351 0.0225151 0.0432975 0.316054
0 0.984263 0.546401 0.0307628 0.207756 0.296091
0 0.0189794 0.635159 0.0379588 0.206505 0.26409
0 0.845689 0.974844 0.0282605 0.0503117 0.255215
0 0.122534 0.86975 0.0302268 0.0894486 0.236339
0 0.739822 0.411883 0.0321196 0.106415 0.226194
0 0.344591 0.0753868 0.0234569 0.101991 0.224114
0 0.0467426 0.883564 0.0531199 0.0874032 0.221957
30 0.521931 0.598836 0.0567217 0.549704 0.219909
0 0.222351 0.822221 0.0271415 0.0936003 0.213154
0 0.255197 0.263071 0.0392716 0.131126 0.206634
0 0.147748 0.952053 0.0449573 0.0958949 0.203803
0 0.744084 0.841162 0.0392874 0.104101 0.184064
0 0.611639 0.970872 0.0451647 0.0582564 0.177226
0 0.203793 0.250473 0.0188846 0.0929932 0.172251
0 0.52179 0.820503 0.0397045 0.108482 0.170286
0 0.926154 0.569694 0.0324489 0.0935421 0.149676
0 0.174131 0.110483 0.0269971 0.103549 0.14088
0 0.255034 0.282115 0.0407766 0.0947882 0.137677
0 0.0257226 0.985001 0.0235422 0.029998 0.133131
0 0.642649 0.289292 0.0310649 0.0869394 0.130663
30 0.352784 0.700732 0.0462691 0.318144 0.128402
0 0.0189568 0.601694 0.0379136 0.14075 0.12829
0 0.61385 0.960144 0.0430231 0.0797115 0.125957
0 0.989636 0.547543 0.0200538 0.19662 0.123915
0 0.419318 0.18003 0.0375118 0.126523 0.1207
0 0.743406 0.244193 0.0441859 0.145162 0.11883
0 0.155773 0.974416 0.0313266 0.0511676 0.115783
0 0.155549 0.230809 0.0414605 0.0971139 0.106615
0 0.631315 0.426561 0.0232641 0.119742 0.106152
0 0.381336 0.0742877 0.0257933 0.107367 0.104947
30 0.376421 0.733671 0.0424908 0.271419 0.101961
0 0.0445756 0.875675 0.0448473 0.0769495 0.100934
0 0.652848 0.746997 0.0270918 0.0964796 0.100615
