0 0.110549 0.781935 0.0459426 0.100792 0.582888
0 0.304465 0.885411 0.0402716 0.0862304 0.508657
0 0.334734 0.0548062 0.0201963 0.0835956 0.482717
0 0.305844 0.593349 0.0222755 0.0970059 0.455251
0 0.691297 0.968693 0.0309468 0.0626136 0.450726
0 0.597161 0.845603 0.0248493 0.0846989 0.441888
0 0.306574 0.878534 0.0317214 0.0962746 0.436386
0 0.229115 0.748196 0.0313312 0.100843 0.358066
0 0.194372 0.768015 0.0404772 0.124701 0.357863
0 0.88164 0.969473 0.0443976 0.0610535 0.334882
0 0.0149128 0.924134 0.0298256 0.103271 0.307048
0 0.304124 0.89961 0.0420427 0.0601326 0.301328
0 0.552431 0.87603 0.0302918 0.0773534 0.279913
0 0.224716 0.764837 0.0368029 0.130106 0.275045
0 0.0241388 0.826172 0.0465045 0.174612 0.270731
0 0.820813 0.965636 0.0273991 0.0600771 0.265133
0 0.188997 0.757827 0.0308537 0.105251 0.250584
0 0.752703 0.805816 0.0288208 0.0776646 0.248308
0 0.88759 0.970058 0.0316678 0.0598834 0.234832
0 0.877976 0.71201 0.0302616 0.0968932 0.22103
0 0.241552 0.29456 0.0328255 0.129229 0.219606
36 0.304003 0.918535 0.0450308 0.033451 0.219185
0 0.786126 0.938787 0.0320658 0.0829975 0.219096
0 0.116506 0.622753 0.0380225 0.127496 0.208889
3 0.529249 0.959954 0.0524992 0.0764441 0.201773
0 0.986963 0.660859 0.025629 0.326668 0.188426
0 0.9269 0.580856 0.0303791 0.0906558 0.17767
0 0.524348 0.962393 0.0398077 0.0752138 0.175895
0 0.747522 0.806281 0.043869 0.0824665 0.17577
0 0.535568 0.96085 0.0632676 0.0783008 0.166682
0 0.0249623 0.861885 0.0455214 0.103891 0.165696
0 0.5443 0.959661 0.0446672 0.0806772 0.162689
0 0.863353 0.15551 0.0276784 0.0901504 0.162255
0 0.235575 0.29337 0.0282428 0.115273 0.153138
0 0.181222 0.283189 0.0316352 0.0947568 0.150351
0 0.058771 0.21735 0.0328453 0.111129 0.149283
0 0.730152 0.402775 0.0268835 0.0907867 0.142883
0 0.685197 0.440116 0.0289461 0.109693 0.141988
0 0.182667 0.203542 0.0255488 0.0826531 0.140779
0 0.677708 0.757438 0.0366934 0.148522 0.130897
0 0.551306 0.956193 0.033568 0.0805303 0.12457
0 0.876319 0.732347 0.0330899 0.143983 0.121609
0 0.117157 0.641619 0.0323945 0.146047 0.119278
0 0.844418 0.590233 0.0622748 0.104854 0.118736
0 0.24191 0.283874 0.0251293 0.108912 0.116292
0 0.116743 0.686532 0.027788 0.0909564 0.11548
0 0.652092 0.889471 0.0317688 0.10424 0.113088
0 0.0116221 0.871327 0.0232443 0.18377 0.109172
0 0.785404 0.491447 0.0314695 0.116376 0.10724
0 0.0157247 0.947748 0.0314494 0.0569827 0.103682
0 0.0127356 0.908349 0.0254712 0.12525 0.103622
