0 0.72048 0.916377 0.0285049 0.0900406 0.451335
0 0.480528 0.952442 0.0461481 0.087882 0.439317
0 0.693806 0.965513 0.0415059 0.0689745 0.390226
0 0.900265 0.811539 0.024489 0.119965 0.383173
0 0.783357 0.756039 0.0262457 0.098299 0.332102
0 0.880413 0.562243 0.0283409 0.0899739 0.310233
0 0.345822 0.976648 0.0323306 0.0467047 0.242886
0 0.814803 0.654064 0.0307415 0.0926486 0.231459
0 0.690868 0.800898 0.0315439 0.127514 0.21735
0 0.573013 0.98305 0.0185749 0.0338994 0.21146
0 0.900542 0.799839 0.0209087 0.0958532 0.199021
0 0.946151 0.454327 0.0253952 0.122875 0.179168
0 0.812491 0.0511288 0.0245051 0.095971 0.16484
0 0.737648 0.627004 0.0264438 0.0932139 0.160274
0 0.945028 0.479296 0.0282237 0.176585 0.154567
0 0.0662271 0.93569 0.0423015 0.1114 0.150031
0 0.495386 0.294332 0.026042 0.0853516 0.145157
0 0.323129 0.89612 0.0282869 0.0835421 0.13247
0 0.024486 0.209791 0.0272559 0.102187 0.132065
0 0.582791 0.440077 0.0308873 0.106574 0.131192
0 0.698253 0.29027 0.0329523 0.0886645 0.130899
0 0.472426 0.200825 0.0345821 0.0892692 0.128526
0 0.34415 0.12839 0.0247529 0.113874 0.125879
30 0.0602315 0.676539 0.117491 0.376252 0.121457
0 0.412604 0.317812 0.0228867 0.0913401 0.1214
0 0.619241 0.2183 0.0227396 0.10254 0.120525
0 0.14865 0.354031 0.0275994 0.111258 0.117633
30 0.474272 0.47297 0.0676088 0.328589 0.112301
0 0.484129 0.115447 0.0232123 0.0876221 0.111363
0 0.143928 0.945101 0.0399104 0.103331 0.110716
0 0.310514 0.271307 0.0354733 0.121947 0.110103
0 0.379155 0.123368 0.0207129 0.0971683 0.108565
0 0.644846 0.66181 0.0368106 0.107094 0.103863
