0 0.492169 0.953518 0.0382745 0.0886391 0.508496
0 0.600796 0.821334 0.0305065 0.12557 0.433608
0 0.339479 0.975226 0.0267182 0.0495474 0.416433
0 0.730279 0.916049 0.0262218 0.0849266 0.382988
0 0.900228 0.800876 0.0252854 0.0990051 0.360392
0 0.285805 0.851632 0.032773 0.104075 0.255913
0 0.975206 0.641852 0.0245976 0.0795079 0.227496
0 0.683223 0.781181 0.0362764 0.106584 0.219711
0 0.505501 0.439991 0.0271444 0.0993857 0.217497
0 0.822756 0.65436 0.036515 0.086697 0.208821
0 0.14267 0.936806 0.0365395 0.0850508 0.189784
0 0.746268 0.623659 0.0207499 0.0913345 0.161914
0 0.346336 0.133978 0.0247386 0.10111 0.15902
0 0.500461 0.28777 0.0236355 0.0873843 0.15337
0 0.0402906 0.210819 0.0378777 0.0970324 0.149466
0 0.705116 0.970172 0.0382652 0.0596565 0.14861
0 0.658521 0.656063 0.0220894 0.0906424 0.1422
0 0.707466 0.294946 0.0334173 0.0900151 0.138281
0 0.87412 0.561304 0.028537 0.0870756 0.136773
0 0.585029 0.983334 0.0241763 0.0333326 0.134342
0 0.0721995 0.935787 0.0403853 0.117903 0.12355
0 0.566549 0.191805 0.026334 0.0950537 0.121622
0 0.544348 0.873659 0.0323048 0.0960914 0.117568
0 0.297385 0.855604 0.0562213 0.115173 0.11694
0 0.590168 0.797123 0.0292131 0.151038 0.111312
0 0.564255 0.608447 0.0206171 0.0977292 0.110864
0 0.426795 0.131085 0.0269698 0.109264 0.1085
0 0.79218 0.755278 0.0414278 0.0947266 0.106045
0 0.876254 0.54928 0.023459 0.0477214 0.105975
0 0.218267 0.750048 0.0234252 0.0752776 0.105255
0 0.625215 0.206564 0.0238752 0.103138 0.103529
0 0.278933 0.986873 0.021182 0.0262546 0.101862
0 0.585473 0.779098 0.0323057 0.172695 0.101727
