0 0.681415 0.915108 0.0301044 0.0939276 0.518882
0 0.441432 0.0812587 0.0327749 0.108608 0.442959
0 0.669451 0.0711933 0.0249903 0.095552 0.428158
0 0.148795 0.967262 0.0342654 0.0654756 0.412249
0 0.323727 0.257028 0.029355 0.0980511 0.404351
0 0.594596 0.0552018 0.036883 0.110404 0.396591
0 0.623171 0.821856 0.0323361 0.0969364 0.387517
0 0.343715 0.95453 0.0431716 0.0890021 0.356738
0 0.950639 0.596755 0.0396398 0.166259 0.339533
0 0.232635 0.970802 0.029547 0.0583959 0.323159
0 0.208834 0.123384 0.0245815 0.0929889 0.32223
0 0.662975 0.807016 0.0279757 0.0837286 0.321844
0 0.597028 0.273468 0.0182042 0.10239 0.318
0 0.627649 0.605647 0.0246361 0.123791 0.31657
0 0.824195 0.982136 0.0288423 0.0357285 0.289133
0 0.280706 0.195684 0.0216015 0.083486 0.277704
0 0.927875 0.184486 0.0364966 0.102946 0.252983
0 0.666047 0.274134 0.036993 0.138151 0.247916
0 0.874163 0.248984 0.0250771 0.0941092 0.247113
0 0.0997138 0.184671 0.0248433 0.0947971 0.239575
0 0.168088 0.0339996 0.0251618 0.0679991 0.233037
0 0.902263 0.286963 0.0341658 0.0921542 0.204894
0 0.292585 0.0594946 0.0300594 0.0928991 0.196866
0 0.893845 0.116593 0.0239494 0.0964361 0.189113
0 0.151252 0.388898 0.0269726 0.0934012 0.183441
0 0.487832 0.286763 0.0221374 0.0988998 0.179485
0 0.686723 0.358902 0.0254751 0.0903791 0.173939
0 0.447734 0.584894 0.027985 0.0981991 0.171943
30 0.670383 0.106957 0.0290353 0.0355001 0.171323
0 0.210737 0.810987 0.0563475 0.207563 0.17102
0 0.840281 0.178463 0.0290432 0.0882474 0.168229
0 0.791102 0.129563 0.025671 0.071572 0.167525
0 0.349782 0.308678 0.0324994 0.0895012 0.159135
0 0.251851 0.365696 0.0247336 0.0867037 0.151484
0 0.9891 0.760897 0.0214218 0.221386 0.150081
0 0.665559 0.526156 0.022848 0.0851733 0.146533
0 0.016839 0.778391 0.0335965 0.157605 0.145344
0 0.725642 0.200219 0.0190326 0.0778954 0.140853
0 0.671573 0.259516 0.0260976 0.109547 0.140157
0 0.210188 0.887705 0.0411685 0.082471 0.138172
3 0.598162 0.0762803 0.0389896 0.0818158 0.134242
0 0.380485 0.427666 0.0227416 0.0968653 0.133906
0 0.437864 0.326178 0.028972 0.124505 0.131995
0 0.892422 0.712173 0.0276123 0.0908906 0.129137
0 0.662365 0.820811 0.0295107 0.113622 0.128018
0 0.198377 0.306118 0.022518 0.100463 0.121627
0 0.664768 0.293926 0.0369714 0.0957636 0.121564
0 0.834903 0.686888 0.0358933 0.0884168 0.120941
0 0.744348 0.237457 0.0391521 0.0903678 0.118769
0 0.202584 0.301206 0.0303183 0.093403 0.118759
0 0.670936 0.240164 0.026477 0.0701986 0.116006
0 0.24685 0.39639 0.0442201 0.147485 0.113194
0 0.337904 0.627026 0.031736 0.117566 0.109827
0 0.557482 0.52638 0.0259522 0.0867755 0.104289
0 0.738715 0.219304 0.0462543 0.100376 0.103001
0 0.345572 0.295846 0.0204182 0.0667543 0.100057
