0 0.233749 0.963476 0.0278288 0.0730475 0.506801
0 0.631686 0.822818 0.0340791 0.100591 0.505603
0 0.674259 0.910831 0.0349991 0.0974539 0.484182
0 0.90708 0.294 0.0324924 0.106006 0.404586
0 0.676115 0.0696135 0.0287317 0.10319 0.375245
0 0.880119 0.731547 0.0413918 0.132388 0.352117
0 0.434331 0.834428 0.0259052 0.0857829 0.343216
0 0.204161 0.13186 0.0265122 0.0835145 0.303512
30 0.674299 0.104849 0.029183 0.0417649 0.290768
0 0.435638 0.0821922 0.02196 0.104125 0.286076
0 0.885965 0.116891 0.0219267 0.0953405 0.281729
0 0.587299 0.0554338 0.0320288 0.110868 0.281474
0 0.679588 0.349855 0.0261175 0.0783549 0.259782
0 0.584926 0.04513 0.0274374 0.09026 0.256313
0 0.148697 0.957227 0.0344683 0.0855467 0.254156
0 0.947631 0.927611 0.0455623 0.092153 0.251285
0 0.340559 0.970941 0.031061 0.0581184 0.244081
0 0.316642 0.256954 0.0327726 0.0976552 0.24136
0 0.349522 0.953272 0.0428765 0.0934565 0.232967
0 0.659154 0.293404 0.0270613 0.0914006 0.228277
0 0.984393 0.243909 0.0304632 0.105604 0.224099
0 0.248117 0.362162 0.025526 0.0797898 0.211969
0 0.669289 0.820399 0.031785 0.0891982 0.210072
0 0.923235 0.184409 0.0266802 0.10266 0.202458
0 0.486009 0.293878 0.0214749 0.0929522 0.194374
0 0.956895 0.771919 0.0405102 0.19679 0.194
0 0.667053 0.238393 0.0193599 0.0648583 0.18539
0 0.868123 0.249857 0.028595 0.0913514 0.18207
0 0.812985 0.979742 0.0292545 0.0405167 0.181381
0 0.987358 0.75868 0.024955 0.237916 0.175611
0 0.289114 0.0741967 0.0286719 0.10467 0.160441
0 0.100537 0.184189 0.0254744 0.0962853 0.156249
0 0.954414 0.767117 0.045147 0.250637 0.156024
0 0.355628 0.948585 0.034712 0.0822937 0.154896
0 0.584885 0.276888 0.0304398 0.104456 0.154089
0 0.19483 0.309931 0.0253238 0.0966594 0.1526
0 0.149286 0.975125 0.0329431 0.0495768 0.149254
0 0.342196 0.290611 0.0236376 0.0634164 0.148262
0 0.661136 0.275577 0.0276159 0.127824 0.144503
0 0.0991181 0.175265 0.0234451 0.0744307 0.13903
0 0.667995 0.526717 0.0248245 0.0930591 0.137157
0 0.619352 0.608488 0.0223564 0.121895 0.136644
0 0.285982 0.197362 0.0206154 0.0847141 0.136549
0 0.0181733 0.763829 0.0363466 0.129881 0.133981
0 0.355114 0.968567 0.0241826 0.0624178 0.118737
0 0.342181 0.304881 0.0315647 0.0893973 0.118019
0 0.831955 0.691246 0.0345814 0.0857506 0.114985
0 0.711872 0.210357 0.0281 0.0887764 0.11392
0 0.197895 0.885463 0.0309953 0.0846095 0.112476
0 0.553602 0.984218 0.0199469 0.0315649 0.109977
0 0.785901 0.136555 0.0289743 0.0773625 0.106412
