0 0.899153 0.717923 0.0325098 0.193448 0.590315
0 0.036982 0.955558 0.0363731 0.0888835 0.408092
0 0.429533 0.966353 0.0258333 0.0650532 0.40074
0 0.345874 0.143615 0.0275332 0.104958 0.387719
0 0.616104 0.211868 0.0367579 0.0878129 0.382232
0 0.134609 0.970257 0.0403761 0.0594869 0.364898
0 0.160969 0.189125 0.0228689 0.0912475 0.338329
0 0.0345194 0.20989 0.0303577 0.104764 0.334957
0 0.187736 0.0460655 0.0416958 0.088609 0.318937
0 0.208229 0.924002 0.0312205 0.0806638 0.302592
0 0.656426 0.970459 0.0272754 0.0590814 0.298456
0 0.356146 0.803159 0.0281446 0.0887584 0.271094
0 0.510625 0.797626 0.0327559 0.143342 0.268323
0 0.402234 0.862932 0.0250753 0.101782 0.268079
0 0.619572 0.922017 0.0355011 0.104017 0.248587
0 0.0594268 0.187512 0.0250377 0.102327 0.245121
0 0.263955 0.959923 0.0381475 0.0787744 0.23719
0 0.62239 0.90238 0.0277659 0.0593181 0.226169
0 0.198252 0.212538 0.0381141 0.0977945 0.219076
0 0.192145 0.210462 0.024166 0.0959555 0.216224
0 0.839454 0.409313 0.0320278 0.116165 0.211626
0 0.649243 0.969424 0.0486279 0.061152 0.201599
0 0.605357 0.949813 0.0334437 0.0943575 0.181224
0 0.789484 0.470587 0.0280721 0.0971801 0.175719
0 0.557658 0.0335761 0.0267926 0.0671522 0.166242
0 0.965248 0.374582 0.041003 0.105721 0.156237
0 0.612812 0.935437 0.0482349 0.116053 0.152593
0 0.227515 0.347879 0.0391347 0.156035 0.149619
0 0.851005 0.0934161 0.026565 0.0932655 0.146847
0 0.0639627 0.188666 0.0353638 0.10181 0.142685
0 0.276672 0.207597 0.0270513 0.128148 0.132773
0 0.255732 0.837167 0.0229734 0.0952851 0.129424
0 0.256658 0.809941 0.0302663 0.144753 0.124564
0 0.728318 0.449094 0.0406891 0.111817 0.124129
0 0.258075 0.800083 0.041035 0.157568 0.123405
0 0.55557 0.0388902 0.0336708 0.0777803 0.122018
0 0.285172 0.289557 0.035294 0.0904163 0.114854
0 0.774423 0.758033 0.0311642 0.107487 0.111092
0 0.857146 0.530235 0.0206489 0.0905482 0.108179
