0 0.639302 0.819773 0.0249821 0.11138 0.525929
0 0.801616 0.954993 0.0391186 0.0900147 0.461309
0 0.679632 0.87358 0.028554 0.0982043 0.456709
30 0.325612 0.59781 0.0803327 0.508593 0.376328
0 0.759895 0.108396 0.030338 0.0951536 0.363961
0 0.941934 0.320561 0.0365368 0.0910259 0.341866
0 0.590078 0.221828 0.0192781 0.0957661 0.301746
0 0.846301 0.751113 0.0277166 0.143822 0.296965
0 0.556843 0.855941 0.0249149 0.0845205 0.270855
0 0.450319 0.968316 0.0338884 0.0633683 0.269636
30 0.387467 0.613857 0.0833559 0.455485 0.254193
0 0.553798 0.287663 0.0350617 0.110356 0.249081
0 0.911417 0.223024 0.029278 0.0835062 0.238832
0 0.314866 0.129401 0.0243203 0.10155 0.231617
0 0.724649 0.200846 0.0302118 0.084968 0.228245
0 0.472733 0.0817191 0.0320946 0.100258 0.220296
0 0.430944 0.50333 0.0351793 0.161939 0.21098
0 0.869625 0.291706 0.0362419 0.097108 0.20712
30 0.455177 0.600743 0.059634 0.516384 0.202811
0 0.128892 0.707776 0.0376308 0.146533 0.199142
0 0.809051 0.190143 0.026368 0.0952808 0.197437
0 0.155059 0.95813 0.0408261 0.0815669 0.187884
0 0.393649 0.182084 0.0344659 0.0878158 0.178393
30 0.266588 0.652136 0.0780457 0.443459 0.178238
0 0.729901 0.823458 0.0311889 0.117351 0.174144
0 0.756057 0.847246 0.0257746 0.0980794 0.172159
0 0.687853 0.156502 0.0258997 0.0732828 0.169754
0 0.184287 0.286782 0.026503 0.0917222 0.1682
0 0.218333 0.210258 0.0308635 0.116934 0.161253
0 0.741773 0.398626 0.0225933 0.104587 0.158593
0 0.93051 0.781843 0.0267542 0.0556234 0.148018
0 0.0119956 0.986478 0.0239321 0.0270432 0.145364
0 0.927271 0.791404 0.034755 0.076067 0.143657
0 0.404998 0.331261 0.0220621 0.0997232 0.142451
0 0.0987231 0.18412 0.0255757 0.0934307 0.131035
0 0.0954328 0.869708 0.0493967 0.0956245 0.128414
0 0.760322 0.249094 0.0373689 0.0967565 0.127673
30 0.280726 0.646325 0.0619115 0.400133 0.12078
0 0.628791 0.228536 0.0310814 0.0937074 0.118854
30 0.443 0.607176 0.0792123 0.535167 0.115865
0 0.766526 0.263758 0.0313768 0.101973 0.113928
0 0.765155 0.218813 0.0214704 0.059058 0.113873
30 0.287044 0.596382 0.0839903 0.504579 0.111676
0 0.782293 0.830319 0.0260866 0.100262 0.111665
0 0.390112 0.177417 0.0239596 0.0738329 0.109519
0 0.846354 0.773774 0.0273607 0.105337 0.108557
0 0.117384 0.819065 0.0396509 0.11156 0.106699
0 0.454135 0.31597 0.0262399 0.0893865 0.10664
0 0.253894 0.314567 0.0225781 0.102697 0.105465
0 0.514061 0.622949 0.0281506 0.129729 0.104726
0 0.686992 0.196565 0.0302143 0.141499 0.103399
0 0.380498 0.323802 0.0212559 0.0927272 0.103005
