0 0.577659 0.850989 0.0258524 0.0998492 0.586092
0 0.777387 0.965391 0.0401179 0.0692172 0.547191
0 0.729964 0.95919 0.0393198 0.0809502 0.532871
0 0.497891 0.862954 0.0395649 0.100528 0.369629
0 0.528565 0.329745 0.0227121 0.0821126 0.276527
0 0.251644 0.149303 0.0251674 0.104074 0.23531
0 0.698887 0.100653 0.0217694 0.0887424 0.213891
9 0.888011 0.316382 0.0339488 0.0941552 0.20017
0 0.499351 0.981223 0.032229 0.0375542 0.186425
0 0.793018 0.809164 0.0322063 0.135128 0.182575
0 0.967272 0.628351 0.0326806 0.102409 0.181939
0 0.0503727 0.841581 0.0400175 0.0921397 0.165319
0 0.148946 0.934465 0.0563547 0.128219 0.164681
30 0.252322 0.818816 0.0347263 0.101755 0.159324
30 0.227831 0.499829 0.0583395 0.330165 0.156908
0 0.00757281 0.961741 0.0150137 0.0765181 0.152527
0 0.0963076 0.183528 0.0229439 0.0943046 0.131487
30 0.313313 0.548795 0.0610696 0.351838 0.131314
0 0.750303 0.182869 0.0250025 0.102087 0.130688
0 0.762639 0.43617 0.0260313 0.0983103 0.126149
0 0.791735 0.786247 0.0315947 0.16155 0.123267
0 0.673126 0.216489 0.030101 0.0749606 0.122287
0 0.495419 0.857707 0.0307819 0.0923008 0.119368
0 0.704085 0.482492 0.0160442 0.076409 0.117488
0 0.287103 0.322267 0.0306337 0.114374 0.116072
0 0.991402 0.537737 0.0164454 0.089754 0.114018
30 0.253429 0.778184 0.0387378 0.18506 0.112327
0 0.0753779 0.260281 0.0384803 0.0890503 0.104951
0 0.817688 0.820902 0.0334648 0.117169 0.100174
