0 0.728261 0.960008 0.038381 0.0799837 0.551094
0 0.7745 0.964857 0.040704 0.0702868 0.549457
0 0.498255 0.865902 0.0488116 0.104619 0.528504
0 0.574239 0.852036 0.0277335 0.104318 0.320218
0 0.695483 0.102096 0.0191582 0.0917146 0.303319
0 0.249724 0.150169 0.0245302 0.103254 0.276814
0 0.962606 0.626933 0.0283146 0.0993305 0.246131
0 0.409549 0.300916 0.0284615 0.141272 0.198201
0 0.502223 0.981138 0.0331098 0.0377236 0.191593
0 0.790799 0.800118 0.0300595 0.138059 0.184598
0 0.0773916 0.26364 0.0383366 0.0924836 0.183739
0 0.526882 0.332657 0.0217823 0.086061 0.174094
0 0.88512 0.31727 0.0356709 0.0948744 0.165192
30 0.231499 0.500169 0.0624083 0.331336 0.159316
0 0.74872 0.184172 0.0266311 0.101791 0.151015
9 0.884944 0.317305 0.0359505 0.0958967 0.14426
0 0.98903 0.684671 0.021587 0.378508 0.14078
0 0.333239 0.319637 0.0260038 0.140724 0.139846
0 0.856195 0.236151 0.034048 0.0937045 0.136214
0 0.0962125 0.182986 0.0228972 0.0948767 0.122413
0 0.364589 0.311461 0.0258881 0.123596 0.118441
0 0.706012 0.48181 0.0154582 0.0735505 0.117666
30 0.315973 0.545501 0.062416 0.348548 0.113711
0 0.285563 0.322492 0.0311696 0.114848 0.111624
0 0.989399 0.550184 0.0206601 0.104271 0.103697
0 0.411297 0.278816 0.0268536 0.0972641 0.103431
0 0.80376 0.309898 0.0346978 0.0999621 0.100858
