0 0.80411 0.414615 0.0271881 0.120347 0.467581
0 0.571334 0.211508 0.0225331 0.0897481 0.435086
0 0.615598 0.971656 0.0310705 0.0566871 0.421527
0 0.857943 0.701279 0.0345847 0.11777 0.373128
0 0.553923 0.944875 0.0376241 0.102871 0.336064
0 0.897389 0.775555 0.0231562 0.0934599 0.330495
0 0.985967 0.0463096 0.023674 0.0926192 0.327357
0 0.0810606 0.222008 0.0452323 0.10878 0.301566
0 0.817629 0.525892 0.0212631 0.0915947 0.30094
0 0.401192 0.784042 0.0437271 0.156758 0.284009
0 0.479192 0.832759 0.0505481 0.219643 0.26741
0 0.789674 0.679917 0.0281046 0.0962409 0.262824
0 0.530296 0.284563 0.0295114 0.106929 0.259245
0 0.598476 0.0330735 0.0251852 0.066147 0.251227
0 0.206929 0.174297 0.0196743 0.0960767 0.237541
0 0.3049 0.788322 0.0286643 0.123919 0.227695
0 0.259359 0.938204 0.0277843 0.0902748 0.223932
0 0.930064 0.383728 0.0398617 0.113588 0.195293
0 0.0320896 0.921494 0.0578562 0.157012 0.189178
0 0.231114 0.207891 0.0209079 0.0961526 0.189042
0 0.68536 0.931286 0.0254643 0.104933 0.185811
0 0.936889 0.386796 0.0266585 0.107833 0.1751
0 0.532989 0.267439 0.0311676 0.141852 0.146686
0 0.921265 0.378491 0.0243588 0.114478 0.143738
0 0.223243 0.0453029 0.0247181 0.0906059 0.136873
0 0.751418 0.508536 0.0340434 0.20221 0.132091
0 0.219186 0.958956 0.036967 0.0760664 0.129452
0 0.575146 0.869062 0.021199 0.0965669 0.118403
0 0.286352 0.848374 0.0349622 0.0791304 0.117159
0 0.0331854 0.958449 0.0564015 0.0831017 0.113781
0 0.450109 0.276347 0.0462343 0.0817671 0.113163
0 0.53648 0.240071 0.0259705 0.0963388 0.109487
0 0.0997854 0.771647 0.0317906 0.144565 0.107892
0 0.435573 0.704924 0.0378355 0.136931 0.106649
0 0.366881 0.903053 0.0688157 0.186757 0.106184
0 0.181265 0.98185 0.0318459 0.0362995 0.106039
0 0.172539 0.437849 0.029769 0.116524 0.105462
0 0.0903814 0.142474 0.0232497 0.0823166 0.105368
0 0.799772 0.67377 0.0443201 0.103692 0.10505
