0 0.608661 0.103593 0.0203047 0.0919552 0.591054
0 0.499379 0.0582423 0.0319656 0.102544 0.54106
0 0.655483 0.243248 0.020745 0.0987244 0.522842
0 0.64713 0.0513558 0.0353756 0.102712 0.449214
0 0.617764 0.593185 0.0250595 0.0918435 0.435942
0 0.147017 0.958501 0.0386185 0.0829986 0.433328
0 0.715887 0.268315 0.038796 0.135436 0.423924
0 0.499495 0.840911 0.0290233 0.0831314 0.386675
9 0.119831 0.0353259 0.0237784 0.069543 0.373606
0 0.237257 0.0447138 0.0234697 0.0894275 0.36795
0 0.835694 0.125893 0.0269007 0.0943788 0.32418
0 0.743975 0.937396 0.0332611 0.0858093 0.296548
0 0.505612 0.220146 0.0195383 0.105581 0.278561
0 0.941073 0.749207 0.04034 0.120265 0.278231
0 0.815472 0.685536 0.0311036 0.110154 0.263975
0 0.674938 0.595181 0.0306141 0.101689 0.250364
0 0.716599 0.247943 0.0367016 0.0987702 0.248042
0 0.714076 0.285478 0.0368181 0.0989531 0.245406
9 0.0344039 0.0230449 0.0228072 0.0439708 0.237785
0 0.848395 0.184956 0.0254057 0.09318 0.235316
0 0.505658 0.84139 0.0436502 0.0872188 0.229461
0 0.261723 0.885331 0.0292434 0.0864328 0.228988
0 0.587492 0.575331 0.0219757 0.0857445 0.227427
0 0.956605 0.125871 0.0287827 0.0979578 0.224146
0 0.874887 0.251769 0.0334344 0.118919 0.220775
30 0.204015 0.630054 0.0785977 0.434655 0.21946
0 0.979927 0.17978 0.0386257 0.106086 0.215797
0 0.597606 0.779435 0.0211982 0.0796636 0.202749
0 0.757853 0.62253 0.0467381 0.191276 0.192906
0 0.386572 0.248286 0.0240001 0.0985576 0.19285
0 0.755291 0.582176 0.0408314 0.108616 0.189493
0 0.787602 0.203952 0.0235638 0.101597 0.186262
0 0.799628 0.239726 0.0290314 0.0914242 0.179088
30 0.97851 0.212479 0.0357711 0.051183 0.174588
0 0.15844 0.752617 0.0410152 0.114214 0.17395
0 0.912843 0.210016 0.0352069 0.10452 0.170023
0 0.560186 0.431636 0.0255667 0.111855 0.16108
0 0.568943 0.804875 0.0348686 0.092199 0.160825
0 0.0349034 0.781286 0.0308017 0.116309 0.156819
30 0.254329 0.4587 0.0472952 0.239051 0.153361
0 0.0812143 0.659815 0.0260589 0.0683577 0.150704
0 0.91527 0.225579 0.032845 0.113938 0.147492
0 0.485852 0.327694 0.0312472 0.119733 0.145992
0 0.914654 0.200497 0.0285158 0.0859515 0.145206
30 0.287567 0.446965 0.0415141 0.209601 0.144312
30 0.315515 0.508396 0.0588383 0.313554 0.142549
0 0.507517 0.556157 0.0436422 0.153327 0.141317
0 0.0548785 0.739112 0.0719678 0.213108 0.137446
30 0.315613 0.552642 0.0531455 0.226191 0.133121
0 0.821661 0.545426 0.0291969 0.0734033 0.129113
0 0.299648 0.069764 0.0494798 0.138549 0.122776
0 0.0774534 0.682334 0.0339564 0.113685 0.121107
0 0.332148 0.390045 0.0292722 0.134641 0.118222
0 0.463027 0.66712 0.0276895 0.0763211 0.118209
0 0.714941 0.254953 0.0344858 0.0753814 0.11563
30 0.323465 0.395844 0.0384391 0.130753 0.115236
0 0.292635 0.952656 0.0421647 0.0927964 0.114549
0 0.375903 0.651568 0.0316439 0.114631 0.112328
0 0.254059 0.325448 0.0243965 0.0888436 0.109429
0 0.795781 0.231657 0.033936 0.0986846 0.109407
0 0.157507 0.784485 0.0428462 0.180651 0.107645
0 0.911695 0.19004 0.0276065 0.0627538 0.105863
30 0.267272 0.511032 0.0667986 0.328375 0.105237
0 0.194863 0.867792 0.0338644 0.0934903 0.104857
0 0.640528 0.0490094 0.0229185 0.0976793 0.102385
0 0.729649 0.384916 0.0268375 0.0859354 0.10147
