0 0.54825 0.957823 0.0473305 0.0843549 0.512085
0 0.332557 0.858389 0.0414682 0.0909318 0.485557
0 0.975522 0.84174 0.0315472 0.0971911 0.477534
30 0.218696 0.553183 0.0982147 0.449125 0.397945
0 0.907923 0.798902 0.0349456 0.0940537 0.370998
0 0.786048 0.934518 0.0316549 0.0827238 0.301118
30 0.293005 0.62084 0.079062 0.526165 0.249476
30 0.0398495 0.612404 0.079699 0.523562 0.248259
0 0.642981 0.811549 0.0368593 0.149349 0.236701
30 0.0922829 0.643784 0.0896613 0.414223 0.226799
0 0.794233 0.621952 0.0241385 0.0929885 0.215491
30 0.188573 0.584127 0.0665241 0.359988 0.207424
0 0.541319 0.277729 0.0268268 0.0912778 0.204065
0 0.29965 0.968623 0.0279403 0.0627547 0.195984
0 0.0900164 0.197926 0.0339219 0.118841 0.177777
0 0.638207 0.138679 0.0224303 0.107848 0.16563
0 0.910272 0.806076 0.0423737 0.110819 0.164867
0 0.782171 0.945963 0.0338739 0.100756 0.161073
0 0.627205 0.32255 0.0179788 0.0879091 0.151059
0 0.145667 0.951417 0.0362458 0.0932014 0.150009
0 0.608276 0.195446 0.0285343 0.0970665 0.149548
30 0.160429 0.517449 0.0636428 0.284987 0.146842
0 0.480948 0.861922 0.0338986 0.0854187 0.139414
0 0.231818 0.984812 0.0242282 0.0303763 0.136298
0 0.299581 0.978477 0.0270366 0.0430457 0.13435
30 0.238645 0.555682 0.0702846 0.443429 0.121264
30 0.206787 0.577795 0.109752 0.514621 0.119704
0 0.550793 0.0495267 0.0250137 0.0988977 0.119623
0 0.881404 0.646636 0.019336 0.0911615 0.119152
0 0.238912 0.227924 0.0319645 0.0899414 0.118547
30 0.281598 0.60194 0.0856924 0.467547 0.11697
30 0.290679 0.603375 0.108849 0.538079 0.116488
30 0.162158 0.600092 0.104035 0.428791 0.112536
0 0.672134 0.603553 0.0345108 0.092667 0.1086
0 0.466932 0.441883 0.0235619 0.0933484 0.107713
30 0.0553454 0.619628 0.106135 0.526369 0.106422
0 0.770786 0.974393 0.0334564 0.0512145 0.102113
