0 0.356458 0.894093 0.0242481 0.101744 0.598994
0 0.0614422 0.93074 0.0553277 0.104335 0.539503
0 0.37153 0.0462133 0.0212774 0.0854517 0.464784
0 0.969322 0.782674 0.0259605 0.100412 0.429128
0 0.649636 0.96152 0.0267994 0.0769597 0.385578
0 0.506038 0.865977 0.0252029 0.0817116 0.385071
0 0.849078 0.712971 0.0314743 0.118011 0.36371
0 0.274674 0.775128 0.0330429 0.113725 0.363281
0 0.711594 0.804434 0.0325961 0.0940865 0.358375
0 0.555435 0.859376 0.031798 0.0957266 0.335107
0 0.113642 0.317203 0.0392414 0.143469 0.298268
0 0.846952 0.967489 0.0462131 0.0650223 0.286928
0 0.82376 0.169039 0.0329279 0.084971 0.262035
0 0.00900758 0.67953 0.0179946 0.168416 0.252247
0 0.854778 0.967887 0.0298644 0.0642255 0.249205
0 0.783596 0.962955 0.0338435 0.0726462 0.245405
0 0.012223 0.208373 0.0243329 0.0951428 0.243805
0 0.0936652 0.214475 0.02793 0.106417 0.243737
0 0.482447 0.959736 0.0435566 0.0738059 0.239436
0 0.959621 0.527123 0.025501 0.0998826 0.222559
0 0.607209 0.893613 0.0457977 0.0808459 0.222406
0 0.608723 0.867846 0.0484222 0.131106 0.204183
0 0.749866 0.936997 0.0253133 0.0821435 0.198786
0 0.017468 0.207963 0.0349165 0.0956289 0.198026
0 0.895461 0.580361 0.0414154 0.0949165 0.190893
0 0.228933 0.749857 0.0268734 0.0844471 0.188626
0 0.0569923 0.801664 0.0426447 0.134556 0.164069
0 0.041039 0.731162 0.0554629 0.175662 0.154974
0 0.0529431 0.790098 0.0373208 0.11768 0.154137
9 0.631118 0.314155 0.0202323 0.089021 0.144694
0 0.047944 0.736056 0.039956 0.186507 0.143797
0 0.975488 0.784421 0.0419496 0.108741 0.138972
0 0.0376163 0.730159 0.0631523 0.228854 0.134926
30 0.377959 0.0900703 0.033089 0.0241272 0.133925
0 0.47334 0.958405 0.0242266 0.0712706 0.130189
0 0.0743485 0.857903 0.0297662 0.0996158 0.128626
0 0.0629257 0.832092 0.0530385 0.149849 0.127504
0 0.244635 0.534996 0.0241892 0.0738459 0.112166
0 0.234278 0.763645 0.0382366 0.112738 0.112081
0 0.145737 0.772194 0.031218 0.0840549 0.111434
0 0.603258 0.883546 0.0376921 0.0977703 0.110911
0 0.22794 0.767818 0.0361687 0.127259 0.110051
0 0.084196 0.126762 0.029132 0.0742579 0.108298
0 0.0999666 0.45125 0.0421389 0.138174 0.106701
0 0.811658 0.588446 0.0422423 0.0973235 0.104763
