0 0.597862 0.845322 0.0297885 0.115439 0.53872
0 0.752733 0.960474 0.0468962 0.0790517 0.497512
0 0.479358 0.97418 0.0381994 0.0516407 0.424311
0 0.519476 0.866715 0.0410152 0.102222 0.314782
0 0.654985 0.813114 0.0246641 0.100455 0.291159
0 0.788817 0.832947 0.028727 0.105466 0.246475
0 0.721597 0.103194 0.0184049 0.0924494 0.240454
0 0.809058 0.970242 0.0272036 0.0595168 0.22567
0 0.692234 0.21229 0.0241416 0.0871978 0.220249
0 0.439341 0.0946994 0.0315466 0.118445 0.208226
0 0.542192 0.605622 0.0321059 0.0988401 0.177476
0 0.467211 0.325464 0.0249811 0.0902645 0.14833
30 0.922016 0.604777 0.0667778 0.539844 0.140593
0 0.336322 0.320874 0.0221739 0.101518 0.140526
0 0.156779 0.962507 0.0411954 0.0694187 0.134203
0 0.479182 0.623411 0.0258231 0.111215 0.132623
0 0.988511 0.602684 0.0223858 0.151368 0.131192
0 0.809157 0.755674 0.0286404 0.113451 0.12797
0 0.657058 0.164745 0.0251603 0.0922845 0.127769
30 0.293285 0.678647 0.0668586 0.279478 0.120586
0 0.906019 0.317739 0.0348374 0.0938155 0.11625
0 0.0976885 0.182609 0.024968 0.0964746 0.114571
0 0.200194 0.242514 0.0307675 0.103666 0.113408
0 0.27296 0.13935 0.0256037 0.0994853 0.106718
0 0.686764 0.834073 0.0308464 0.0884393 0.106223
0 0.82645 0.0607106 0.0265961 0.0976755 0.105255
0 0.550114 0.223006 0.0243945 0.0885933 0.104355
0 0.409513 0.306562 0.0265998 0.119093 0.103241
0 0.987825 0.69741 0.023955 0.347751 0.100911
