0 0.678986 0.913181 0.0297423 0.0940662 0.522162
0 0.43862 0.0810575 0.0282023 0.107648 0.493801
0 0.592899 0.0543422 0.0362976 0.108684 0.492916
0 0.672646 0.0718784 0.0302307 0.10123 0.466204
0 0.950189 0.927345 0.0493006 0.0880923 0.427573
0 0.322549 0.256596 0.0327575 0.0963582 0.408752
0 0.59425 0.274577 0.0210927 0.102294 0.392486
0 0.626943 0.821936 0.038233 0.0983331 0.386328
0 0.345034 0.954896 0.0424811 0.089881 0.378419
0 0.343638 0.966613 0.0418748 0.0667749 0.366554
0 0.892187 0.116062 0.0212587 0.0958971 0.352895
0 0.903882 0.290955 0.0324951 0.0972882 0.342856
0 0.232425 0.969635 0.0301425 0.0607297 0.341772
0 0.207095 0.126958 0.0244634 0.0883735 0.328034
0 0.82171 0.981856 0.0287555 0.0362883 0.321975
0 0.625186 0.610501 0.0257394 0.125962 0.30771
0 0.949448 0.590608 0.0390766 0.148379 0.303554
0 0.926214 0.183571 0.0328934 0.106095 0.301974
0 0.148582 0.969396 0.0347087 0.0610293 0.298928
3 0.596151 0.0784011 0.0403622 0.0800139 0.293165
0 0.446079 0.583648 0.0280918 0.095004 0.268018
0 0.666786 0.809124 0.030629 0.0841335 0.261364
0 0.250811 0.367718 0.0281601 0.0912739 0.259698
30 0.672125 0.105501 0.030265 0.04247 0.249533
0 0.282014 0.196978 0.0194913 0.0825206 0.247042
0 0.197451 0.315526 0.0221998 0.100437 0.242154
0 0.0170953 0.779015 0.0340594 0.160594 0.240479
0 0.883847 0.732959 0.038694 0.131175 0.237854
0 0.684866 0.35697 0.0277585 0.0889304 0.231486
0 0.205931 0.888175 0.0355119 0.081343 0.219234
0 0.29181 0.0700773 0.0292481 0.110149 0.204066
0 0.0997621 0.18392 0.0244917 0.0930083 0.201765
0 0.667699 0.526187 0.0208479 0.0890794 0.198512
0 0.789377 0.130755 0.0262798 0.0702481 0.197883
0 0.837774 0.178179 0.0323349 0.0895518 0.19761
0 0.872423 0.247273 0.0270847 0.0959139 0.196175
0 0.487153 0.289633 0.022551 0.0941755 0.194728
0 0.346837 0.308441 0.0314253 0.0947503 0.188552
0 0.11033 0.45865 0.0319385 0.0919238 0.187863
0 0.665593 0.273507 0.0335007 0.134899 0.182439
0 0.153303 0.392558 0.0267266 0.0908571 0.181048
0 0.720603 0.200379 0.0161943 0.0733925 0.178326
0 0.742489 0.236765 0.0404783 0.0919465 0.172528
0 0.664473 0.822164 0.030435 0.10928 0.172108
0 0.665204 0.294769 0.0312705 0.096638 0.164812
0 0.556876 0.528535 0.0247772 0.0839851 0.163233
0 0.940359 0.804126 0.0735157 0.16745 0.161369
0 0.668801 0.827378 0.0350857 0.123339 0.15533
0 0.250848 0.386816 0.0298466 0.132245 0.142096
0 0.760384 0.726111 0.0322169 0.105097 0.137102
0 0.169518 0.0339316 0.024409 0.0678631 0.13386
0 0.436392 0.319112 0.0267523 0.111878 0.12897
0 0.714342 0.671464 0.0297928 0.0931947 0.118862
0 0.014958 0.762989 0.029916 0.128521 0.117334
0 0.595264 0.0761364 0.040243 0.0804757 0.115347
0 0.957022 0.691735 0.030283 0.105056 0.115059
0 0.668876 0.258406 0.0256074 0.106261 0.115024
0 0.8339 0.687644 0.0354145 0.0831957 0.114431
0 0.344827 0.296615 0.0227508 0.0695011 0.112431
0 0.261503 0.0400651 0.0221587 0.0702877 0.107005
0 0.622143 0.310845 0.0210329 0.0655638 0.10624
0 0.349326 0.935829 0.0381475 0.058509 0.104119
0 0.987705 0.251154 0.0238446 0.0747832 0.101141
