0 0.120036 0.228949 0.0459886 0.123281 0.509862
0 0.749009 0.948359 0.0311247 0.0969482 0.415389
0 0.577196 0.975265 0.0313553 0.0494699 0.345616
0 0.527602 0.212519 0.0321186 0.0847854 0.30243
0 0.748826 0.938492 0.0271986 0.0745311 0.293296
0 0.30815 0.210067 0.0267488 0.103669 0.278601
0 0.897752 0.779325 0.0220837 0.0915755 0.267119
0 0.0826958 0.953882 0.0316385 0.0922365 0.249436
0 0.539882 0.421968 0.0362453 0.137946 0.235796
0 0.0103641 0.843561 0.0207051 0.099696 0.235183
0 0.890246 0.386465 0.0441872 0.119582 0.224878
0 0.181962 0.950692 0.0342 0.0966465 0.220692
0 0.742624 0.949313 0.0459843 0.0981675 0.219157
0 0.713705 0.461072 0.0234341 0.1164 0.202402
0 0.764946 0.415342 0.0330356 0.111749 0.198407
0 0.271377 0.0488324 0.0336982 0.0976648 0.177854
0 0.897773 0.79637 0.023842 0.126175 0.165161
0 0.350834 0.199215 0.0250112 0.107277 0.156195
0 0.572448 0.277557 0.0307533 0.0964468 0.155884
0 0.643712 0.447395 0.0344511 0.0976315 0.145382
0 0.348847 0.810365 0.0316203 0.12291 0.144607
0 0.573037 0.257654 0.0320603 0.12962 0.139288
0 0.00969634 0.97367 0.0193927 0.0526611 0.125652
0 0.249885 0.167342 0.022862 0.0959576 0.123611
0 0.530126 0.796533 0.0243581 0.0970803 0.122734
0 0.495257 0.289916 0.0300387 0.0923233 0.116678
0 0.240306 0.862576 0.0302041 0.0814783 0.116302
0 0.168155 0.214369 0.0359925 0.090919 0.113206
30 0.624642 0.918906 0.0431 0.0310233 0.103185
