9 0.651662 0.304224 0.0204809 0.0900684 0.552999
0 0.0320907 0.841782 0.0549168 0.159098 0.518696
0 0.351868 0.0549866 0.028995 0.0870735 0.483394
0 0.580251 0.847541 0.0339808 0.074715 0.463767
0 0.675819 0.966092 0.0244247 0.0678151 0.447002
0 0.199132 0.243553 0.0395083 0.169127 0.434195
0 0.73554 0.807694 0.0299044 0.0868789 0.426177
0 0.326397 0.88782 0.0302265 0.108378 0.402792
0 0.981948 0.791034 0.035421 0.0993292 0.395239
0 0.508053 0.961866 0.0389927 0.0762688 0.371105
0 0.206226 0.753008 0.0234298 0.0912562 0.335611
0 0.872187 0.969512 0.038387 0.0609761 0.314436
0 0.0281595 0.855917 0.056107 0.222263 0.303359
0 0.25773 0.292362 0.0433224 0.139862 0.29132
0 0.53372 0.858729 0.0231647 0.0549775 0.288447
0 0.02634 0.695713 0.0406511 0.152093 0.277374
0 0.846986 0.166845 0.0377809 0.0925492 0.245436
0 0.257538 0.272007 0.0342077 0.0966574 0.227607
0 0.912673 0.556891 0.0363238 0.157385 0.221133
0 0.252891 0.312667 0.0395292 0.0986663 0.217712
30 0.177939 0.559948 0.0839288 0.537538 0.215284
0 0.323437 0.600045 0.0314228 0.100075 0.204699
0 0.323675 0.878943 0.0258722 0.0935599 0.204461
0 0.204875 0.768367 0.0280079 0.121763 0.203824
0 0.323441 0.862949 0.0249603 0.0593879 0.191884
30 0.127572 0.692574 0.0557643 0.279253 0.188534
0 0.260642 0.268104 0.0258192 0.0884363 0.184722
0 0.673581 0.442845 0.0255209 0.110047 0.17535
0 0.774263 0.925843 0.0258615 0.0562531 0.167983
0 0.0769559 0.45497 0.0419943 0.165748 0.161291
30 0.0741342 0.716142 0.0513111 0.23268 0.157911
0 0.534292 0.869227 0.0264166 0.0754146 0.146103
30 0.0286586 0.954209 0.0565073 0.0652972 0.143332
30 0.165965 0.587143 0.0826343 0.487239 0.140544
30 0.0282343 0.964458 0.0560209 0.045723 0.139812
30 0.279363 0.553336 0.0873721 0.512103 0.128657
0 0.0270073 0.801234 0.0540147 0.357236 0.128375
30 0.167201 0.518696 0.0726886 0.468083 0.125495
0 0.198599 0.296917 0.0407483 0.27149 0.125067
0 0.0843914 0.133101 0.0221672 0.0811524 0.123199
0 0.25289 0.259879 0.0268441 0.0691582 0.122938
0 0.12187 0.778355 0.0320615 0.109071 0.109407
0 0.249998 0.282325 0.0227213 0.0854393 0.10636
30 0.209324 0.620117 0.0579233 0.401388 0.104676
0 0.0725065 0.215839 0.0313448 0.101006 0.104031
0 0.0246563 0.926058 0.0453889 0.0997383 0.103832
0 0.66338 0.764263 0.0445937 0.132554 0.101714
0 0.0113964 0.334427 0.0227411 0.0947624 0.100088
