0 0.0312555 0.946836 0.0343372 0.105685 0.398283
0 0.405615 0.966543 0.0400774 0.0669145 0.328201
0 0.149808 0.970798 0.0344624 0.0584039 0.321939
0 0.592898 0.951217 0.0449131 0.096725 0.31773
9 0.610671 0.404745 0.0221306 0.0980171 0.266446
3 0.123354 0.217985 0.0491908 0.115099 0.213067
0 0.0506519 0.218162 0.0406091 0.110597 0.184342
0 0.175394 0.183291 0.0211311 0.0881054 0.168721
0 0.603847 0.211543 0.0239883 0.0911926 0.161123
0 0.843132 0.53089 0.0289274 0.0968726 0.150107
9 0.564194 0.511407 0.0255764 0.106866 0.146284
0 0.790178 0.732139 0.0480106 0.124484 0.141323
0 0.991091 0.0652253 0.0170879 0.0928075 0.134272
0 0.3414 0.152927 0.0308076 0.101504 0.130591
0 0.0698951 0.798219 0.0441429 0.133583 0.128427
0 0.888341 0.72326 0.0394569 0.182186 0.125959
0 0.641869 0.972166 0.0244227 0.0556679 0.121844
0 0.19488 0.0447767 0.0277022 0.0895534 0.112745
0 0.374556 0.834832 0.0457718 0.142999 0.108431
0 0.045261 0.21558 0.0269233 0.104423 0.107737
0 0.644252 0.903502 0.021699 0.056951 0.106735
0 0.271707 0.785581 0.0352543 0.117004 0.103084
0 0.398135 0.975148 0.0288755 0.0497045 0.10009
