0 0.590731 0.863369 0.0306683 0.0971006 0.597056
0 0.416495 0.963167 0.0468342 0.0736667 0.573204
0 0.844267 0.953203 0.0408222 0.0935113 0.506178
0 0.675165 0.791525 0.0272427 0.110099 0.416985
0 0.507827 0.0714687 0.0388136 0.100465 0.406633
0 0.154921 0.95876 0.0362278 0.0818766 0.353154
0 0.401485 0.371285 0.0346761 0.119413 0.322759
0 0.422991 0.962215 0.0336237 0.0734307 0.320935
0 0.155353 0.284157 0.0231513 0.0982836 0.306552
0 0.352753 0.11923 0.0272433 0.103876 0.296061
3 0.507566 0.0975419 0.0389065 0.0892154 0.294132
0 0.492933 0.303827 0.0232267 0.0911222 0.293348
0 0.908429 0.273434 0.0315503 0.100393 0.276595
0 0.546616 0.627457 0.0251975 0.123168 0.2702
0 0.226788 0.294158 0.029884 0.118592 0.259529
0 0.878278 0.738299 0.033775 0.136479 0.251938
0 0.040462 0.873597 0.0476458 0.0994121 0.232994
0 0.715985 0.877946 0.0381321 0.154686 0.212392
0 0.62444 0.222526 0.023589 0.090482 0.199229
0 0.238509 0.155273 0.0290346 0.0799822 0.1985
0 0.971156 0.834298 0.0315506 0.120576 0.193399
0 0.757254 0.795634 0.0366142 0.132562 0.192268
0 0.259546 0.831543 0.0298651 0.109372 0.191134
0 0.716025 0.157112 0.0267674 0.0805895 0.189811
0 0.71116 0.921108 0.0377986 0.111325 0.174091
0 0.241256 0.0299812 0.0238249 0.0599623 0.167677
0 0.222249 0.287776 0.0217687 0.1046 0.16765
0 0.584405 0.28895 0.0386343 0.110425 0.162623
0 0.796724 0.11131 0.0235998 0.0920026 0.162216
0 0.756819 0.191692 0.0250059 0.0906233 0.152133
0 0.134726 0.837805 0.0342938 0.0888234 0.146069
0 0.277865 0.319963 0.0275822 0.123101 0.134905
0 0.589261 0.296256 0.0484545 0.130071 0.133707
3 0.507507 0.110691 0.037584 0.0671359 0.131993
0 0.131177 0.662043 0.0349232 0.128731 0.125092
0 0.537481 0.327643 0.0262392 0.0952167 0.124884
0 0.0167913 0.747928 0.0335533 0.180648 0.124425
0 0.71443 0.18016 0.0306338 0.126002 0.123929
0 0.718562 0.859996 0.0343202 0.118485 0.123482
0 0.195495 0.0570904 0.03457 0.114181 0.121432
0 0.843351 0.194813 0.0286215 0.104876 0.119831
0 0.971647 0.342957 0.047699 0.130458 0.106113
0 0.190663 0.0604229 0.0465492 0.120344 0.101042
0 0.28019 0.30634 0.0229441 0.0973132 0.100873
