0 0.957415 0.649624 0.0442268 0.0905154 0.44451
0 0.945531 0.497047 0.0383451 0.211341 0.359389
0 0.716407 0.9185 0.028248 0.0883451 0.350099
0 0.780187 0.755203 0.0222273 0.101942 0.340315
0 0.476304 0.951922 0.0452852 0.0929469 0.283966
0 0.581165 0.82358 0.040209 0.111723 0.274194
0 0.882795 0.564087 0.0316529 0.0946295 0.2634
0 0.899829 0.808894 0.0251515 0.116163 0.240833
0 0.593601 0.791681 0.0344866 0.178954 0.212547
0 0.811308 0.651931 0.0256924 0.0913848 0.199806
30 0.300807 0.53071 0.0613271 0.413248 0.188896
0 0.351297 0.977055 0.0283974 0.0458906 0.185073
0 0.949286 0.455916 0.0324139 0.126594 0.171587
0 0.942459 0.520858 0.0354569 0.18449 0.171531
0 0.343717 0.126556 0.0233481 0.114575 0.159774
0 0.146845 0.944848 0.0454039 0.100317 0.158542
0 0.585694 0.797731 0.0455365 0.169954 0.15845
0 0.900517 0.794585 0.020295 0.0863418 0.15451
0 0.463295 0.198561 0.0252335 0.0898954 0.154233
0 0.199997 0.0707293 0.0242341 0.1129 0.151953
0 0.687137 0.965962 0.0403111 0.0680764 0.147759
30 0.33406 0.587404 0.0663735 0.485812 0.140662
0 0.0639754 0.926161 0.038409 0.10725 0.139274
0 0.0242945 0.822755 0.0326059 0.0899316 0.137223
30 0.1538 0.554063 0.0799315 0.369154 0.134106
0 0.490484 0.295588 0.0257545 0.0864065 0.122974
0 0.408134 0.320571 0.0226681 0.0975676 0.118885
0 0.0690489 0.351087 0.0334589 0.0963838 0.117668
30 0.0498443 0.658992 0.0865206 0.342747 0.117143
30 0.358019 0.612836 0.0613168 0.484477 0.112822
0 0.950496 0.439367 0.0297249 0.0907441 0.111707
0 0.556521 0.981541 0.0338932 0.0369185 0.110815
0 0.686373 0.975691 0.0405399 0.048619 0.109721
0 0.583617 0.431417 0.0252114 0.123986 0.107949
0 0.428246 0.11779 0.0267571 0.107703 0.105335
0 0.0653561 0.916454 0.0438054 0.140993 0.104791
0 0.145345 0.931122 0.0416256 0.0725323 0.100981
