0 0.305854 0.211827 0.0246473 0.0978546 0.384963
0 0.175093 0.950662 0.0351816 0.0986347 0.351345
0 0.27639 0.0495561 0.0335597 0.0991123 0.349164
0 0.709293 0.455114 0.0235195 0.10761 0.343398
0 0.754877 0.949467 0.0343069 0.0981166 0.332687
0 0.76189 0.416202 0.0348358 0.113455 0.313773
0 0.45786 0.83663 0.0308232 0.0953426 0.285717
0 0.122567 0.229438 0.0437861 0.123972 0.276661
0 0.0840313 0.94751 0.0322188 0.101083 0.264976
0 0.758593 0.942594 0.0242254 0.0847036 0.264836
0 0.56976 0.975482 0.032466 0.0490357 0.227656
0 0.00871845 0.839241 0.0174369 0.106922 0.198359
0 0.891046 0.394965 0.0304603 0.103059 0.197037
0 0.810372 0.725277 0.0355014 0.104539 0.192221
0 0.537909 0.798514 0.0242391 0.104334 0.189356
0 0.777485 0.517089 0.0223184 0.0875376 0.180312
0 0.637953 0.446423 0.0301158 0.096315 0.177721
0 0.267984 0.199642 0.0438227 0.0986656 0.161681
0 0.750886 0.964187 0.0380712 0.0712078 0.155877
0 0.356201 0.198247 0.0272675 0.102896 0.148002
0 0.200511 0.1617 0.0260551 0.0970742 0.141956
0 0.586125 0.255168 0.0386627 0.131587 0.139876
0 0.20884 0.792762 0.0241524 0.102699 0.138574
0 0.199223 0.136682 0.0275176 0.145881 0.132122
0 0.634419 0.283801 0.0174862 0.0754533 0.129029
0 0.813002 0.67186 0.0368355 0.214065 0.120413
0 0.884062 0.389158 0.0323548 0.106338 0.112926
0 0.194597 0.0930817 0.0194646 0.0757047 0.111811
0 0.233501 0.315194 0.0229854 0.0899049 0.109164
