0 0.724317 0.970976 0.0262198 0.0580482 0.458218
0 0.308565 0.0617701 0.0292224 0.0876977 0.417506
0 0.268844 0.597557 0.0258185 0.093536 0.417201
0 0.919421 0.969502 0.029317 0.0609956 0.278569
0 0.690569 0.899084 0.0313634 0.106231 0.27406
0 0.263493 0.876001 0.0473666 0.0840689 0.26431
0 0.784897 0.804392 0.0306371 0.0745197 0.258922
0 0.190861 0.741741 0.0328471 0.11904 0.208044
0 0.1576 0.754905 0.0375991 0.102876 0.202658
0 0.556366 0.9633 0.0421003 0.0733991 0.178077
0 0.707901 0.744521 0.0258409 0.123959 0.176363
0 0.849994 0.970952 0.0260688 0.0567637 0.176306
9 0.0533889 0.0337586 0.0300764 0.0675172 0.173316
0 0.629647 0.839931 0.0304703 0.0756747 0.166086
9 0.692045 0.294414 0.0264607 0.0898765 0.152186
0 0.0805082 0.636549 0.0390283 0.16204 0.145794
0 0.893184 0.146522 0.0279724 0.0907026 0.145311
0 0.175279 0.522944 0.0361493 0.0894231 0.143572
0 0.465018 0.641018 0.0214716 0.0870275 0.140863
0 0.0303337 0.215964 0.038682 0.101834 0.134857
0 0.17308 0.511439 0.0295451 0.0665485 0.132385
0 0.822891 0.93813 0.0265186 0.0921651 0.129073
2 0.00993101 0.0330641 0.0198219 0.0624212 0.127489
0 0.155459 0.273837 0.027171 0.0992503 0.124012
0 0.20084 0.298943 0.0277022 0.129328 0.123674
0 0.054663 0.29796 0.0305111 0.110986 0.121338
0 0.210108 0.28998 0.025228 0.125162 0.119756
0 0.587177 0.875965 0.0329002 0.0620418 0.115982
30 0.303355 0.103539 0.0353686 0.0286519 0.113697
0 0.900633 0.720505 0.0322958 0.101795 0.111923
0 0.350607 0.579285 0.0257153 0.0871815 0.111071
0 0.0754047 0.619133 0.0405602 0.131893 0.110858
0 0.789709 0.806815 0.021794 0.0801736 0.107886
30 0.0503897 0.691241 0.0961418 0.274137 0.103099
