0 0.791952 0.95591 0.0402582 0.0881806 0.498441
30 0.316084 0.605943 0.0749101 0.512863 0.480643
0 0.0851871 0.880891 0.0428119 0.130895 0.407712
0 0.628457 0.82167 0.0372187 0.106652 0.394648
0 0.455756 0.968242 0.0361714 0.0623799 0.352606
0 0.673787 0.859592 0.0259529 0.0906132 0.348883
0 0.155776 0.958124 0.0413625 0.0805487 0.340366
30 0.45597 0.583517 0.0660351 0.494115 0.335831
0 0.547761 0.857523 0.0401787 0.0859844 0.332633
0 0.467114 0.084852 0.0335308 0.108252 0.297961
0 0.130315 0.710354 0.0445933 0.142679 0.241539
0 0.801742 0.189687 0.0243385 0.100835 0.21728
30 0.270724 0.618813 0.0544014 0.454821 0.208267
0 0.752549 0.101816 0.018178 0.0872577 0.187909
0 0.839403 0.757846 0.0276306 0.139993 0.186473
30 0.470692 0.60319 0.0776195 0.547943 0.185951
0 0.864194 0.293632 0.0268161 0.100853 0.179668
0 0.396431 0.180837 0.0276225 0.0852656 0.176382
0 0.405129 0.324848 0.0229927 0.0961621 0.174362
0 0.933855 0.323094 0.0369309 0.10015 0.173495
0 0.506385 0.622109 0.0238526 0.121723 0.159163
30 0.386896 0.62489 0.0843486 0.441652 0.154149
0 0.682158 0.178863 0.0261274 0.111977 0.152175
0 0.71942 0.200444 0.0252649 0.0862891 0.151697
0 0.177661 0.293186 0.022154 0.0922188 0.149075
30 0.943688 0.614633 0.0535984 0.530894 0.148709
30 0.28169 0.596482 0.0722839 0.490599 0.14852
0 0.213599 0.214598 0.0299869 0.111497 0.148147
0 0.677756 0.197074 0.0340715 0.142251 0.137965
0 0.546454 0.282675 0.0334951 0.112755 0.127545
0 0.306566 0.130578 0.0284199 0.0954777 0.125248
0 0.120178 0.817508 0.044 0.119111 0.124961
30 0.179186 0.6314 0.0804748 0.47779 0.123273
0 0.760365 0.8257 0.0271891 0.153611 0.123123
0 0.760247 0.239623 0.0323959 0.0959838 0.117975
0 0.0985101 0.183325 0.0259144 0.0943449 0.117782
0 0.185865 0.29516 0.0407446 0.0975152 0.113714
0 0.740009 0.394879 0.0250903 0.109646 0.113625
30 0.54048 0.602239 0.0494772 0.545251 0.110761
30 0.36047 0.624324 0.0573875 0.419538 0.109107
30 0.451722 0.585322 0.0866633 0.561009 0.103445
30 0.337806 0.602744 0.117719 0.537336 0.102587
30 0.483787 0.604736 0.0678988 0.544798 0.102105
