0 0.612408 0.774229 0.0291304 0.130181 0.431593
0 0.706535 0.973654 0.0318367 0.0526923 0.404409
0 0.945898 0.680222 0.0381584 0.11618 0.360787
0 0.49068 0.963949 0.0360203 0.0721013 0.341751
0 0.67165 0.215379 0.0288994 0.0880715 0.337796
0 0.0773147 0.975011 0.0425741 0.0499787 0.32354
0 0.640981 0.958676 0.0388262 0.0818872 0.303062
0 0.898515 0.771075 0.0268711 0.0902678 0.263387
0 0.321206 0.960034 0.0379441 0.0799309 0.25925
0 0.0162289 0.805469 0.0324579 0.193366 0.255158
0 0.313475 0.820489 0.0420146 0.135187 0.250692
0 0.15139 0.917973 0.0363374 0.0830134 0.229129
0 0.0999101 0.797172 0.0341243 0.0936794 0.228428
0 0.149923 0.906475 0.0286732 0.0605298 0.213601
9 0.317757 0.0215442 0.030427 0.0412832 0.182073
0 0.765377 0.830957 0.0311995 0.080527 0.163999
0 0.0563357 0.827721 0.0500284 0.101907 0.152916
0 0.359377 0.10492 0.0247243 0.103453 0.149306
0 0.137055 0.0458243 0.0292977 0.0902176 0.135854
0 0.833068 0.48417 0.0253944 0.099903 0.135593
0 0.207982 0.784525 0.0327291 0.114082 0.123274
0 0.787398 0.830073 0.0286242 0.103769 0.115797
0 0.514691 0.0379281 0.0264656 0.0758561 0.111537
0 0.155265 0.216315 0.0362527 0.102232 0.108147
0 0.646891 0.955153 0.0286458 0.0873199 0.1044
