0 0.787759 0.958427 0.0403967 0.0800401 0.431309
0 0.897519 0.782619 0.0220009 0.0886742 0.396723
0 0.145758 0.237774 0.0482462 0.12493 0.343369
0 0.683484 0.443298 0.0240599 0.0941646 0.313043
0 0.738235 0.415174 0.0311256 0.112167 0.296248
0 0.668667 0.911666 0.0231495 0.0919029 0.277764
0 0.878162 0.908615 0.0409103 0.0983937 0.257557
0 0.545451 0.974218 0.0347632 0.0515646 0.254319
0 0.306799 0.0565041 0.0419858 0.108814 0.242413
33 0.650425 0.0258701 0.0489246 0.0517401 0.241599
0 0.161365 0.944833 0.0340905 0.110333 0.24082
0 0.486997 0.855932 0.0269803 0.114097 0.234502
0 0.378502 0.191887 0.0251344 0.0984114 0.21657
0 0.803174 0.590993 0.0259145 0.0887152 0.201053
0 0.785045 0.731401 0.0315872 0.10857 0.19275
0 0.0827421 0.902332 0.0328462 0.0856227 0.18244
0 0.611437 0.23349 0.0276091 0.0942013 0.179287
0 0.341581 0.956272 0.0359017 0.0867993 0.177713
0 0.00612643 0.805071 0.0122453 0.100387 0.16225
0 0.303658 0.250407 0.0361419 0.103503 0.152733
0 0.0909838 0.982697 0.0237737 0.0346063 0.14146
0 0.0240028 0.227474 0.0343954 0.119925 0.122667
0 0.458836 0.9257 0.0310104 0.081359 0.119185
0 0.13924 0.239223 0.03656 0.115035 0.115811
0 0.162406 0.958035 0.0312197 0.0839292 0.109123
0 0.521344 0.281913 0.0314143 0.0898755 0.101648
