0 0.271341 0.598253 0.0268222 0.0932954 0.378935
0 0.159029 0.762844 0.0330086 0.117189 0.373479
0 0.721102 0.970291 0.0283593 0.0594187 0.349062
0 0.308963 0.0622274 0.0267273 0.0899082 0.326016
0 0.782035 0.805461 0.0361941 0.0761801 0.290675
33 0.30825 0.0642965 0.0275001 0.0924714 0.262276
0 0.685551 0.904486 0.0389029 0.106122 0.252688
0 0.190739 0.743183 0.0323464 0.119115 0.252393
9 0.689159 0.295575 0.0241427 0.0897367 0.248682
0 0.178488 0.523028 0.039086 0.0865203 0.235342
0 0.916594 0.969592 0.031089 0.060816 0.23192
0 0.356323 0.580129 0.0378447 0.0895794 0.227819
0 0.214258 0.293341 0.0223803 0.125563 0.214668
0 0.628688 0.841591 0.0281832 0.079126 0.201246
0 0.553872 0.963876 0.0407722 0.072249 0.18074
0 0.846458 0.970969 0.0296821 0.0572693 0.17745
0 0.213625 0.259238 0.0193729 0.0593593 0.177093
2 0.00998876 0.0325056 0.0199689 0.0610329 0.167264
0 0.209184 0.296877 0.03658 0.131589 0.164438
0 0.07695 0.728125 0.0360136 0.165658 0.164351
0 0.892044 0.147531 0.0287392 0.0913666 0.161127
0 0.264388 0.873347 0.0433874 0.0896429 0.156485
0 0.157036 0.245366 0.0348273 0.161445 0.154621
0 0.0319117 0.215658 0.0374523 0.100706 0.154203
0 0.0596055 0.296579 0.0365424 0.128128 0.15156
0 0.0813724 0.615152 0.0366595 0.124019 0.146272
0 0.461748 0.645154 0.0245039 0.0935687 0.145276
0 0.704743 0.752499 0.0284494 0.134402 0.142278
0 0.899519 0.726424 0.0337435 0.11548 0.135775
0 0.159207 0.284089 0.0299369 0.0908154 0.125518
0 0.95149 0.583073 0.0437721 0.100214 0.116867
0 0.267322 0.866519 0.03206 0.0806109 0.111891
0 0.0773708 0.143625 0.0367904 0.103804 0.109046
30 0.119477 0.608814 0.0824628 0.413718 0.107444
0 0.26425 0.890691 0.0430315 0.0516186 0.107443
0 0.202412 0.310217 0.0287075 0.114085 0.10303
