0 0.595129 0.848503 0.0329763 0.115395 0.51357
0 0.480709 0.974605 0.037816 0.0507901 0.468607
0 0.806404 0.970625 0.0275837 0.0587495 0.319618
0 0.513648 0.865237 0.0313129 0.0999506 0.316073
0 0.750098 0.960499 0.0466461 0.0790017 0.295667
0 0.786807 0.590943 0.0270835 0.101349 0.270112
30 0.340032 0.599731 0.0705698 0.527004 0.268942
0 0.734051 0.299067 0.0353233 0.131002 0.260577
0 0.869506 0.72674 0.0601297 0.118988 0.25085
30 0.385684 0.615128 0.0587907 0.408736 0.244625
0 0.805451 0.751144 0.0347181 0.103758 0.230371
0 0.605564 0.336647 0.0335655 0.0877241 0.210805
0 0.689526 0.212039 0.0236553 0.089999 0.196632
0 0.270551 0.14188 0.0311403 0.10698 0.182634
0 0.65374 0.80699 0.0256599 0.0924594 0.165009
0 0.985192 0.602487 0.0287796 0.157327 0.158109
0 0.654806 0.162743 0.0240776 0.0837118 0.147591
0 0.513448 0.851192 0.0265991 0.0752697 0.147038
0 0.768381 0.190506 0.0315019 0.0954274 0.143587
0 0.718632 0.102728 0.0181765 0.0897172 0.143489
0 0.437959 0.0950179 0.0330601 0.118721 0.13771
0 0.0978123 0.1828 0.0249602 0.097117 0.134151
30 0.290604 0.678135 0.0632434 0.31189 0.133682
0 0.683837 0.837959 0.0302514 0.0945713 0.133527
0 0.802195 0.783152 0.0418003 0.168073 0.133255
30 0.403597 0.607333 0.0864804 0.441451 0.125917
0 0.15668 0.964566 0.0412057 0.0692383 0.120493
0 0.984992 0.696932 0.029636 0.34962 0.118947
0 0.904059 0.317477 0.0353317 0.0962414 0.117856
0 0.873296 0.229345 0.0308062 0.0914859 0.110692
0 0.824956 0.0632733 0.027589 0.0878059 0.108853
0 0.873675 0.624545 0.03009 0.170482 0.105851
0 0.199085 0.245712 0.0292258 0.103062 0.105689
0 0.408948 0.307258 0.0245452 0.123853 0.102168
