0 0.641713 0.212033 0.0340663 0.0879116 0.467904
0 0.352467 0.129149 0.0256949 0.113218 0.448837
0 0.181301 0.921479 0.0390126 0.0848298 0.432917
0 0.235064 0.783719 0.0442877 0.122942 0.362931
0 0.460251 0.9645 0.028627 0.0710007 0.320101
0 0.0409927 0.97529 0.0358646 0.0494207 0.309377
0 0.0198214 0.212085 0.0388912 0.107225 0.299543
0 0.105982 0.972605 0.0368134 0.0547908 0.258151
0 0.679652 0.971467 0.0284902 0.0570649 0.249016
0 0.612129 0.723089 0.029005 0.114745 0.238205
0 0.162241 0.0477056 0.0368563 0.0930727 0.234324
0 0.769068 0.791173 0.0262701 0.0941993 0.208547
0 0.260649 0.201661 0.0328854 0.106518 0.202388
0 0.176946 0.918818 0.0279767 0.079807 0.184993
0 0.915325 0.739425 0.0463363 0.22247 0.180205
0 0.178525 0.212885 0.0374957 0.098229 0.166947
0 0.407859 0.786935 0.0248853 0.10684 0.157748
0 0.127813 0.802364 0.0352573 0.0899139 0.149326
0 0.378051 0.19696 0.023481 0.0668159 0.137703
0 0.282121 0.93668 0.0540144 0.123395 0.133474
0 0.389337 0.279021 0.032235 0.10292 0.126459
0 0.86345 0.408856 0.0276363 0.121098 0.121708
0 0.347609 0.8312 0.0619553 0.152426 0.12162
0 0.201439 0.310758 0.0247047 0.0804684 0.120359
0 0.059381 0.18476 0.0206838 0.0937719 0.115598
0 0.919835 0.748591 0.0362823 0.193047 0.111055
0 0.172664 0.209497 0.0266478 0.0933666 0.107767
0 0.354009 0.859973 0.0486282 0.0928841 0.102779
0 0.704229 0.69144 0.0262205 0.10492 0.102042
0 0.427893 0.815188 0.0346102 0.194199 0.101455
