0 0.602155 0.210182 0.0243401 0.0900478 0.437758
0 0.153197 0.969825 0.0381201 0.0584548 0.399607
0 0.403984 0.967193 0.0371025 0.065614 0.377579
0 0.0304692 0.945629 0.0347728 0.108742 0.377403
0 0.339117 0.153211 0.0297867 0.102869 0.296822
0 0.177882 0.184149 0.0210664 0.0928219 0.233937
0 0.641856 0.972121 0.0274613 0.0557576 0.229347
0 0.590935 0.951043 0.041307 0.0973454 0.207168
0 0.884507 0.69625 0.0320066 0.117961 0.198841
0 0.274387 0.785576 0.0294506 0.116973 0.192535
0 0.646852 0.904711 0.0244032 0.060649 0.182462
0 0.0552002 0.219704 0.0419436 0.105283 0.181715
0 0.00880838 0.976045 0.0174514 0.0479107 0.17233
0 0.237846 0.309825 0.0249124 0.0838724 0.153454
0 0.0689307 0.179773 0.0206027 0.0763403 0.141423
0 0.7798 0.71899 0.0251312 0.0909797 0.136792
3 0.124629 0.216888 0.0500366 0.0981032 0.136785
0 0.0699377 0.792947 0.0463122 0.121115 0.134414
0 0.0087203 0.675639 0.0173493 0.12082 0.125548
0 0.60879 0.401862 0.0226444 0.0988343 0.125332
0 0.249595 0.96948 0.0336223 0.061041 0.121689
0 0.20682 0.206384 0.0212095 0.0944711 0.119446
0 0.176281 0.8038 0.0282022 0.0921797 0.115772
0 0.19671 0.0458848 0.0272158 0.0917696 0.114548
0 0.563668 0.509214 0.0233729 0.113658 0.113496
0 0.28829 0.200819 0.0286745 0.10572 0.112182
0 0.0793993 0.788118 0.0265911 0.107845 0.110588
0 0.790603 0.727705 0.0468296 0.123053 0.109436
9 0.714882 0.450052 0.0199419 0.112767 0.100583
0 0.839601 0.531428 0.03335 0.0916773 0.100433
