0 0.392553 0.960348 0.039588 0.0793047 0.456885
0 0.889695 0.50037 0.0261173 0.097174 0.427335
0 0.587469 0.874951 0.0309061 0.0999842 0.354045
0 0.173471 0.917413 0.0546849 0.111712 0.351706
0 0.0677486 0.941773 0.03329 0.116454 0.339552
0 0.46229 0.86216 0.0301933 0.0775023 0.333506
0 0.557414 0.958849 0.0390078 0.0815257 0.329177
0 0.777122 0.973324 0.0269847 0.0533522 0.307825
0 0.918873 0.769231 0.0291335 0.100463 0.297217
0 0.620059 0.808135 0.025035 0.0859534 0.279813
0 0.458832 0.0420783 0.0276297 0.0841566 0.267367
0 0.563213 0.956375 0.0293644 0.082742 0.256975
9 0.242195 0.0255071 0.0380765 0.0510141 0.255491
0 0.780749 0.705708 0.025612 0.122752 0.240668
0 0.523407 0.853003 0.0371141 0.141732 0.234952
0 0.735888 0.20611 0.0337337 0.0920578 0.222135
0 0.141279 0.806111 0.0295421 0.0806197 0.210597
0 0.305246 0.250022 0.0339322 0.160386 0.20831
0 0.377421 0.0462309 0.0251554 0.0924618 0.203442
0 0.937306 0.400863 0.0372105 0.12187 0.200526
30 0.368226 0.599609 0.0826528 0.465875 0.1882
0 0.379309 0.27907 0.0407514 0.135337 0.185059
0 0.698763 0.971835 0.0284345 0.0563291 0.180901
0 0.654594 0.905427 0.0282614 0.0543683 0.143525
0 0.0643653 0.3559 0.0423473 0.127578 0.132214
0 0.0665864 0.977373 0.0309054 0.0452548 0.130188
0 0.747798 0.955742 0.0302529 0.0885151 0.123992
0 0.825882 0.563465 0.0309725 0.131725 0.123264
0 0.37173 0.279759 0.0273669 0.125784 0.118548
0 0.0979653 0.22192 0.0387216 0.0995932 0.116244
0 0.775675 0.92654 0.0310399 0.0881018 0.114997
0 0.629632 0.547159 0.0267616 0.0939982 0.114581
0 0.653863 0.398631 0.0219705 0.0916882 0.113115
24 0.183493 0.878777 0.0324806 0.0850471 0.111273
0 0.652376 0.920863 0.0366356 0.0857657 0.110361
30 0.0571175 0.685126 0.0886792 0.314239 0.109234
0 0.772887 0.716258 0.0336342 0.131691 0.105177
