0 0.735959 0.973105 0.0280765 0.0537891 0.453427
0 0.900641 0.767785 0.0256245 0.088176 0.420225
0 0.697904 0.211502 0.0256771 0.0911619 0.397667
0 0.345689 0.959786 0.0397417 0.0804275 0.383484
0 0.66614 0.95767 0.0418147 0.0846597 0.36464
0 0.922195 0.546115 0.0339421 0.0895459 0.338313
0 0.185666 0.787859 0.0348552 0.118937 0.334881
0 0.535055 0.93579 0.0737185 0.12842 0.321535
0 0.603101 0.817201 0.0311052 0.132546 0.32108
0 0.121922 0.920476 0.0409028 0.0925241 0.272933
9 0.292359 0.0216804 0.0306579 0.0422137 0.24398
0 0.365135 0.0715345 0.0236831 0.104288 0.234434
0 0.851654 0.486632 0.0309408 0.101109 0.233648
0 0.973366 0.67727 0.0295315 0.109908 0.224245
0 0.900438 0.784834 0.0274693 0.119973 0.220826
0 0.0744834 0.79672 0.0421995 0.090833 0.186283
0 0.113221 0.0468712 0.028376 0.0890531 0.180615
0 0.485508 0.83688 0.0431398 0.1643 0.180112
0 0.130439 0.21823 0.0283593 0.0976035 0.175202
0 0.577269 0.796143 0.0247973 0.0916312 0.174492
0 0.758159 0.886787 0.0314773 0.104222 0.166181
0 0.359082 0.793187 0.0462876 0.17016 0.161332
0 0.0233093 0.833143 0.0462036 0.0944921 0.159011
0 0.420362 0.864704 0.0305 0.0858002 0.156567
0 0.906689 0.405315 0.0267825 0.113813 0.147748
0 0.155572 0.315792 0.0243142 0.0817132 0.141141
0 0.606369 0.887812 0.0260599 0.0454795 0.129861
0 0.531512 0.741266 0.0241407 0.0990409 0.127728
0 0.527088 0.911051 0.0277035 0.0818684 0.119295
0 0.119444 0.914333 0.0302697 0.0815362 0.116784
0 0.047863 0.979634 0.0368821 0.0407322 0.113351
0 0.793611 0.581771 0.0248688 0.10337 0.10865
0 0.604557 0.79683 0.0272266 0.0893784 0.108623
0 0.916707 0.0823657 0.0205787 0.0823161 0.107728
0 0.49223 0.813769 0.0295883 0.11776 0.106088
0 0.781666 0.871044 0.0304288 0.111904 0.104855
