0 0.572589 0.623764 0.0284781 0.0899972 0.498277
0 0.205864 0.0675973 0.0235312 0.0950652 0.486803
0 0.0616546 0.492216 0.0314235 0.0942071 0.352225
0 0.713342 0.906548 0.0304427 0.0580969 0.342526
0 0.711871 0.921862 0.0398096 0.0850277 0.336293
0 0.981865 0.108382 0.0355956 0.096173 0.315491
0 0.131595 0.823116 0.0284158 0.0914851 0.308358
0 0.0214059 0.0422708 0.0385545 0.0845416 0.28993
0 0.142858 0.602701 0.037393 0.0895091 0.265464
0 0.893766 0.823864 0.0306065 0.0839728 0.262181
0 0.102064 0.2886 0.026051 0.104897 0.261662
0 0.0580735 0.236809 0.0350427 0.145457 0.260999
0 0.0989373 0.332802 0.036059 0.105295 0.250961
0 0.100797 0.275321 0.0263234 0.0766743 0.22492
0 0.0172311 0.414089 0.0290141 0.080032 0.201793
0 0.0161908 0.434833 0.0321382 0.124263 0.198567
0 0.089167 0.332728 0.0293489 0.106934 0.193823
0 0.0112983 0.144727 0.0225775 0.0935001 0.191986
0 0.795536 0.7278 0.0286348 0.108251 0.187129
0 0.0557129 0.255539 0.0361821 0.114309 0.179212
0 0.66569 0.975128 0.0378929 0.0497445 0.177024
0 0.834654 0.974175 0.0249985 0.0516498 0.171328
0 0.923446 0.935563 0.0374992 0.0988093 0.171245
0 0.944119 0.972428 0.0287925 0.0551448 0.170137
0 0.0423145 0.737613 0.0217748 0.0960345 0.16496
0 0.0984644 0.306336 0.0346398 0.137102 0.163301
0 0.056975 0.206836 0.0270389 0.0852745 0.163063
0 0.732217 0.827057 0.0248793 0.0851876 0.161988
30 0.20742 0.110532 0.0219517 0.0199533 0.161316
0 0.0614062 0.479115 0.028051 0.0668012 0.141698
0 0.222466 0.570794 0.0273281 0.0960462 0.139796
0 0.0655487 0.717097 0.0298256 0.171714 0.130308
0 0.895042 0.520796 0.0365645 0.186942 0.125734
0 0.606367 0.37637 0.0243935 0.0892792 0.122137
0 0.894859 0.490461 0.0361492 0.126193 0.118882
0 0.0114048 0.0387314 0.0227861 0.0764796 0.117407
0 0.823098 0.648808 0.026008 0.100006 0.11631
0 0.0554727 0.190956 0.0196941 0.0535479 0.110059
0 0.129882 0.810586 0.0259665 0.0755783 0.104886
0 0.843853 0.393535 0.0261444 0.0909226 0.103013
0 0.756691 0.716585 0.023588 0.0944816 0.102452
0 0.804761 0.866869 0.0449672 0.159755 0.101644
