0 0.395731 0.967606 0.0278915 0.0647887 0.569311
0 0.164192 0.974527 0.034714 0.0509463 0.419163
0 0.332127 0.154709 0.0250183 0.103893 0.385984
0 0.287096 0.78695 0.0324457 0.109892 0.38365
0 0.587456 0.211641 0.0327298 0.0876853 0.310463
0 0.627716 0.97319 0.0227272 0.0536194 0.301789
0 0.0231334 0.939585 0.0371166 0.115915 0.289856
0 0.240611 0.953865 0.0435517 0.0908126 0.263847
0 0.190112 0.17996 0.0213431 0.0915832 0.251559
0 0.299385 0.198242 0.0284717 0.106065 0.248427
0 0.190961 0.806333 0.0419087 0.0859687 0.227332
0 0.213445 0.0453719 0.0377217 0.0907438 0.219928
0 0.665292 0.905808 0.0226135 0.0582468 0.205275
0 0.873339 0.698017 0.0328426 0.117806 0.200664
0 0.490341 0.82911 0.0374729 0.154941 0.174818
0 0.338334 0.926744 0.0435316 0.12351 0.173313
0 0.577785 0.934543 0.0323954 0.0815102 0.168526
0 0.0876025 0.810053 0.0386709 0.139509 0.160783
0 0.57355 0.946716 0.0468752 0.103085 0.155789
0 0.766086 0.460935 0.0252578 0.1017 0.142347
3 0.0745903 0.214437 0.0608418 0.104316 0.140532
0 0.216083 0.205578 0.023813 0.0920361 0.129905
0 0.553229 0.511545 0.0253725 0.110662 0.128949
0 0.665984 0.915292 0.0267381 0.0780711 0.128858
0 0.215462 0.631779 0.0261563 0.0858691 0.12422
0 0.23554 0.945413 0.0358612 0.105512 0.117715
0 0.128344 0.763964 0.0370954 0.16606 0.117459
0 0.792464 0.702531 0.0481401 0.10586 0.112823
0 0.665636 0.923457 0.0386448 0.0915937 0.111736
0 0.208354 0.0438246 0.028052 0.0876492 0.108403
0 0.00980216 0.87848 0.0196043 0.171309 0.107676
0 0.463794 0.801263 0.0242687 0.0979478 0.105568
0 0.6388 0.978337 0.0178064 0.0433253 0.105479
0 0.0851822 0.16201 0.032193 0.118846 0.101618
2 0.0113625 0.0394126 0.022725 0.0757863 0.101181
0 0.0883548 0.137951 0.0244953 0.0688552 0.100374
