0 0.819549 0.969654 0.0218956 0.060693 0.484447
0 0.475571 0.974112 0.024654 0.0517753 0.400216
0 0.595292 0.953902 0.0558995 0.0921968 0.336571
0 0.622324 0.885468 0.0260146 0.0856784 0.310583
0 0.723947 0.241705 0.0271875 0.148537 0.298939
0 0.135783 0.230845 0.0389383 0.126433 0.280826
0 0.165244 0.134004 0.0255149 0.110769 0.274376
0 0.13422 0.245806 0.0354746 0.0987961 0.265183
0 0.389652 0.964483 0.0397933 0.071034 0.253929
0 0.185235 0.978451 0.0241439 0.0430974 0.253924
0 0.3842 0.0536869 0.0223545 0.106541 0.2439
0 0.762572 0.849228 0.0247764 0.108223 0.236498
0 0.229573 0.281358 0.0273959 0.0960906 0.228594
0 0.944808 0.570034 0.0425302 0.0954702 0.223974
0 0.349622 0.0553588 0.0235281 0.103956 0.215938
0 0.951896 0.547565 0.0573476 0.14712 0.215846
0 0.898734 0.792105 0.0214306 0.0857988 0.207179
30 0.0459544 0.631179 0.0919088 0.460797 0.207111
0 0.185743 0.255637 0.0303951 0.0889731 0.191347
30 0.110765 0.614029 0.0987978 0.441555 0.186112
30 0.175791 0.598139 0.122153 0.569582 0.181443
0 0.243136 0.236321 0.0244618 0.0892712 0.1682
0 0.42701 0.986147 0.0148899 0.0277056 0.159101
0 0.589626 0.450137 0.0232027 0.0854978 0.158656
0 0.727168 0.657617 0.0286049 0.0957277 0.156751
0 0.303058 0.199332 0.0323722 0.0903238 0.155725
0 0.86987 0.638207 0.0268025 0.0963168 0.155302
0 0.278997 0.343457 0.0296174 0.122056 0.154509
0 0.76006 0.405881 0.0376352 0.103592 0.149704
0 0.236365 0.280061 0.0399712 0.0952301 0.14756
0 0.374202 0.246199 0.0254191 0.0993215 0.146124
0 0.400335 0.158644 0.0313013 0.1348 0.14298
0 0.939057 0.567607 0.030382 0.091743 0.141312
30 0.149296 0.619788 0.201623 0.603372 0.140281
30 0.344142 0.539547 0.0452945 0.416975 0.136831
0 0.667716 0.733906 0.0325861 0.111443 0.131605
0 0.626469 0.290023 0.0334989 0.0865902 0.131316
0 0.139927 0.194699 0.0339349 0.0967495 0.123089
0 0.724551 0.663699 0.0365764 0.107576 0.12287
0 0.727036 0.640531 0.0223093 0.0627876 0.12252
0 0.209131 0.826919 0.0392752 0.0843548 0.114872
0 0.401578 0.203992 0.0356077 0.0975996 0.110802
0 0.429556 0.0659352 0.0371548 0.126577 0.108591
0 0.95023 0.569287 0.0546618 0.109861 0.107056
0 0.650253 0.630924 0.0216458 0.0905863 0.106426
30 0.102203 0.638062 0.111961 0.589433 0.106016
0 0.427753 0.298949 0.0218632 0.0644684 0.102211
