0 0.488795 0.953863 0.0378554 0.0870645 0.562462
0 0.727272 0.915812 0.0271585 0.0881072 0.382025
0 0.899846 0.804582 0.0245824 0.106892 0.31809
0 0.596358 0.81747 0.0269815 0.129718 0.313346
0 0.704122 0.966381 0.0418697 0.0672373 0.305999
0 0.34176 0.976694 0.0290934 0.0466127 0.244061
0 0.791706 0.753783 0.0411987 0.100092 0.179796
0 0.875933 0.561491 0.0280918 0.0885709 0.174159
14 0.70465 0.295016 0.0322991 0.0932709 0.16885
0 0.581711 0.982916 0.0249031 0.0341685 0.156916
0 0.345534 0.130721 0.0235645 0.104576 0.156667
0 0.0361127 0.211284 0.0338796 0.0969887 0.15639
0 0.282594 0.848953 0.0287519 0.0973236 0.148757
0 0.179931 0.451371 0.0361925 0.113225 0.133443
0 0.821333 0.653633 0.0366871 0.0868987 0.126404
0 0.743817 0.62498 0.0212671 0.0948484 0.125822
0 0.316363 0.273717 0.0349579 0.119152 0.120154
0 0.684345 0.780954 0.0306381 0.102983 0.112486
0 0.143352 0.946238 0.03867 0.104955 0.109934
0 0.941346 0.450914 0.0245433 0.120618 0.109217
0 0.972114 0.645869 0.0274455 0.0920712 0.105564
0 0.710655 0.947686 0.0577642 0.104628 0.101849
