0 0.37402 0.0476604 0.0227699 0.0856897 0.459548
0 0.359579 0.892373 0.027726 0.10027 0.435036
0 0.647889 0.960687 0.0241676 0.0786269 0.405483
0 0.849123 0.710734 0.0294655 0.117717 0.380828
0 0.00928958 0.675318 0.0185514 0.177638 0.37333
0 0.710566 0.804438 0.0318173 0.0892305 0.358325
0 0.0637648 0.932234 0.0529762 0.10396 0.341395
0 0.967625 0.782421 0.023351 0.100199 0.331957
0 0.065009 0.818594 0.0544527 0.182553 0.310776
0 0.554482 0.858251 0.0329378 0.0897515 0.301168
0 0.0389846 0.738526 0.0570737 0.192045 0.292539
0 0.95759 0.522724 0.0237739 0.09584 0.280039
0 0.778772 0.961175 0.0377174 0.0761546 0.251658
0 0.819789 0.17156 0.0379368 0.0884929 0.250596
0 0.848557 0.966879 0.037975 0.0662413 0.247456
0 0.00721416 0.664761 0.0144281 0.157476 0.247295
9 0.140449 0.0343955 0.0307962 0.068791 0.241417
0 0.479944 0.958658 0.043167 0.0752085 0.232538
0 0.0989123 0.215175 0.0320776 0.112961 0.22704
0 0.974573 0.784978 0.0371368 0.108616 0.224832
0 0.281348 0.777045 0.0306794 0.113691 0.221261
0 0.0185824 0.207825 0.0371648 0.0957591 0.218456
0 0.502612 0.869141 0.0322798 0.0879942 0.216955
0 0.112682 0.318481 0.0363725 0.136759 0.205231
0 0.0129333 0.20799 0.0257893 0.0955673 0.191323
0 0.50466 0.856808 0.025152 0.0626352 0.189502
0 0.0585405 0.797689 0.0445236 0.128574 0.187569
9 0.629633 0.314179 0.0213745 0.0890654 0.18397
0 0.646225 0.739309 0.0266299 0.0985369 0.180055
0 0.691966 0.40838 0.0261746 0.0999478 0.17396
0 0.652821 0.438523 0.0257433 0.108046 0.168064
0 0.749667 0.504093 0.032965 0.106795 0.163965
0 0.894722 0.558912 0.041521 0.133071 0.162601
0 0.604749 0.888336 0.0416139 0.0924743 0.162541
0 0.895238 0.582104 0.0418838 0.0932124 0.156634
0 0.746769 0.936524 0.0270146 0.0827946 0.144941
0 0.153663 0.59714 0.0219893 0.0680672 0.137323
0 0.0853771 0.126074 0.0279722 0.0721409 0.130448
0 0.052055 0.663635 0.033454 0.0946727 0.12244
0 0.247887 0.540572 0.0260729 0.0828609 0.111938
0 0.114457 0.64116 0.0231804 0.0790381 0.111166
0 0.471744 0.9558 0.0257452 0.0701755 0.110086
0 0.620444 0.835034 0.0261038 0.0674181 0.109974
0 0.800389 0.428533 0.0285443 0.123465 0.108091
0 0.153379 0.605617 0.0258074 0.0812119 0.102949
30 0.0962298 0.601499 0.0808436 0.469846 0.101813
0 0.225056 0.241006 0.043655 0.154836 0.100436
