0 0.806958 0.961727 0.0319136 0.0756614 0.560744
0 0.685542 0.920823 0.0404116 0.0901601 0.484754
0 0.869453 0.901561 0.0440562 0.104613 0.468228
0 0.774513 0.73445 0.0291679 0.111007 0.426328
0 0.543177 0.974568 0.0419566 0.0508638 0.371701
0 0.504392 0.85063 0.0381254 0.09369 0.367679
0 0.729001 0.4142 0.0303599 0.1137 0.343201
0 0.897162 0.784751 0.0237747 0.0890857 0.341126
0 0.669924 0.024973 0.0291212 0.0484049 0.323675
0 0.157499 0.941691 0.0313131 0.105095 0.293424
0 0.0801495 0.895852 0.0407828 0.098346 0.283938
0 0.279075 0.972465 0.0334805 0.0504943 0.25551
0 0.672875 0.443443 0.0242801 0.101175 0.237598
0 0.5807 0.79277 0.0214142 0.0957636 0.226273
0 0.748574 0.103802 0.0286029 0.0919819 0.221033
0 0.314282 0.0562098 0.0283109 0.10718 0.217031
0 0.480454 0.221922 0.0314782 0.0927194 0.192471
0 0.102126 0.843754 0.0331772 0.131605 0.186102
0 0.149113 0.24105 0.0381242 0.121433 0.177221
0 0.357184 0.958499 0.0218546 0.0810125 0.172629
0 0.897574 0.798546 0.0255651 0.118862 0.158648
0 0.0135547 0.790766 0.0271013 0.132053 0.158362
0 0.452592 0.958057 0.0407516 0.0838862 0.155382
0 0.104851 0.982827 0.024949 0.0343468 0.152758
0 0.80272 0.578085 0.0217682 0.0931214 0.138829
0 0.459809 0.955619 0.0544968 0.0887626 0.138825
0 0.749023 0.100815 0.0214767 0.0842682 0.129984
0 0.500724 0.422515 0.0268072 0.100903 0.129559
0 0.747291 0.636536 0.0259199 0.0889824 0.127448
0 0.852676 0.404984 0.0378696 0.112937 0.124202
0 0.625369 0.230088 0.0273514 0.0932154 0.119987
0 0.198828 0.857243 0.0427808 0.138389 0.118429
0 0.392978 0.195049 0.0347387 0.102554 0.112331
0 0.602542 0.447429 0.0238342 0.0817605 0.111516
0 0.257637 0.830956 0.045961 0.174229 0.106654
0 0.191002 0.887186 0.0279653 0.0828629 0.103175
