0 0.858413 0.971076 0.0301832 0.0578473 0.555731
0 0.0663043 0.861829 0.0333454 0.127121 0.528347
0 0.722596 0.944773 0.0405232 0.104671 0.481698
0 0.234518 0.968713 0.0278273 0.0625743 0.40384
0 0.396029 0.965654 0.0272953 0.0686913 0.335395
3 0.063276 0.251147 0.0379688 0.0887549 0.294215
0 0.425275 0.819062 0.0382434 0.128415 0.277856
0 0.651411 0.260333 0.0301062 0.128766 0.272042
0 0.349648 0.0618432 0.0268367 0.109382 0.2491
0 0.289764 0.276319 0.0279132 0.0885963 0.245636
0 0.174156 0.258643 0.0361794 0.106712 0.230639
0 0.98954 0.551556 0.0202148 0.093212 0.227806
0 0.102887 0.27593 0.0300211 0.0856414 0.217652
0 0.0637733 0.229876 0.0381357 0.121439 0.217139
0 0.0347281 0.784482 0.0321899 0.139607 0.213957
0 0.495217 0.953704 0.042625 0.0925914 0.205985
0 0.256668 0.97625 0.0248112 0.0474996 0.193695
0 0.619239 0.798883 0.0347934 0.106984 0.191592
0 0.125669 0.814956 0.0351683 0.0853813 0.189989
0 0.347261 0.84311 0.0350086 0.149894 0.187556
0 0.150482 0.946881 0.0323982 0.106025 0.183338
0 0.178984 0.243624 0.0287108 0.116069 0.182298
0 0.442191 0.985691 0.0172682 0.0286188 0.177456
0 0.561928 0.28752 0.0317025 0.0899865 0.175154
0 0.897422 0.789168 0.0230416 0.0859402 0.170537
0 0.988719 0.685453 0.0222275 0.368571 0.164356
0 0.452917 0.86652 0.0263924 0.0570917 0.158038
0 0.745971 0.731667 0.0266472 0.113901 0.149516
0 0.261376 0.0473152 0.0292811 0.0946303 0.131278
0 0.0348975 0.753637 0.0255081 0.0750745 0.125583
0 0.062554 0.204242 0.0294156 0.0766869 0.12157
0 0.13502 0.819216 0.0278765 0.0903096 0.118653
0 0.617884 0.788693 0.0226858 0.0874278 0.117589
0 0.115573 0.180235 0.0253377 0.10073 0.117182
0 0.536232 0.858441 0.0373021 0.0895839 0.116691
0 0.334193 0.154614 0.0248369 0.106343 0.115821
0 0.434968 0.512591 0.0221144 0.0911139 0.107852
0 0.337133 0.169941 0.0288956 0.137286 0.10641
0 0.702733 0.421314 0.0259225 0.114895 0.104021
0 0.429368 0.807922 0.0259297 0.120596 0.103708
0 0.255941 0.0772462 0.0390527 0.103385 0.100478
