0 0.154127 0.960402 0.0448238 0.0791958 0.461384
0 0.859596 0.811478 0.035725 0.131316 0.433899
0 0.948881 0.712462 0.0331844 0.105391 0.361676
0 0.811334 0.442183 0.0227844 0.113117 0.353696
0 0.901596 0.623834 0.0385194 0.100158 0.337483
0 0.190893 0.883535 0.0353973 0.140211 0.29875
0 0.172334 0.959466 0.0840441 0.0807279 0.286317
0 0.194382 0.171604 0.0290712 0.103869 0.266224
0 0.963277 0.210283 0.0345688 0.136827 0.252615
0 0.909809 0.965714 0.0277802 0.0685719 0.235643
0 0.678926 0.285088 0.0208536 0.0837578 0.227085
0 0.415727 0.244197 0.0221082 0.105988 0.222107
0 0.0642682 0.320841 0.0243369 0.100168 0.212562
0 0.743395 0.802635 0.0333278 0.137766 0.212188
0 0.518114 0.855989 0.025581 0.109104 0.209263
0 0.451176 0.287257 0.0434581 0.101934 0.184852
0 0.667318 0.959241 0.0380438 0.0815173 0.180589
0 0.367304 0.255082 0.022468 0.09628 0.172533
0 0.641617 0.104407 0.027775 0.0935395 0.172395
0 0.793044 0.691921 0.0376381 0.0999979 0.167987
0 0.0797157 0.451336 0.0198723 0.0824236 0.162975
0 0.625879 0.231183 0.0276739 0.0845708 0.152053
30 0.510449 0.612995 0.0594324 0.569962 0.143391
30 0.47953 0.609878 0.12234 0.59808 0.142412
0 0.336096 0.256567 0.0236585 0.108847 0.141929
30 0.532335 0.591478 0.0408783 0.540971 0.136248
0 0.480054 0.33168 0.0229278 0.0817035 0.133374
0 0.792035 0.662895 0.0373798 0.150386 0.125449
30 0.448306 0.631706 0.0583282 0.519468 0.123658
0 0.709988 0.590301 0.0229683 0.0998329 0.123237
0 0.591006 0.259744 0.0252207 0.110946 0.121803
0 0.127171 0.273869 0.0348548 0.100747 0.121479
30 0.563706 0.595511 0.0396942 0.554542 0.120107
0 0.124827 0.357406 0.0447769 0.118488 0.116928
0 0.017255 0.979806 0.027336 0.0403871 0.115866
0 0.60284 0.850689 0.0248086 0.0811338 0.112973
0 0.0969313 0.178804 0.0258243 0.0980856 0.109246
0 0.392414 0.32597 0.0186133 0.0911232 0.103245
0 0.371594 0.113319 0.0349681 0.112832 0.10241
0 0.410474 0.639732 0.0320178 0.129765 0.101025
0 0.71562 0.949024 0.029356 0.0942319 0.100868
