0 0.0921746 0.802631 0.0392393 0.10354 0.539627
0 0.785415 0.187824 0.0350309 0.0883136 0.490803
0 0.443681 0.962116 0.0377331 0.0754072 0.437952
0 0.256423 0.249758 0.0396274 0.161625 0.422353
0 0.818603 0.971486 0.0448877 0.0570275 0.343883
31 0.398082 0.972722 0.0322874 0.0545553 0.320215
0 0.513871 0.856486 0.0298981 0.0738934 0.313247
0 0.581947 0.955735 0.0253885 0.0881816 0.311543
0 0.407745 0.88521 0.0291175 0.063749 0.283744
0 0.404356 0.0410473 0.0401098 0.0815446 0.276478
0 0.456048 0.844812 0.022135 0.0543316 0.275725
0 0.945433 0.782282 0.039143 0.116193 0.273528
0 0.104658 0.92279 0.04046 0.0968083 0.258329
0 0.671271 0.813805 0.0250172 0.096766 0.246493
0 0.121374 0.452255 0.0384843 0.159584 0.24334
0 0.613316 0.95678 0.0231915 0.0864403 0.238815
30 0.340534 0.53199 0.061948 0.479711 0.236444
0 0.408821 0.0396375 0.0262105 0.079275 0.22598
0 0.405951 0.89788 0.0352717 0.0916553 0.220263
30 0.314595 0.589553 0.0524362 0.480274 0.195499
0 0.820592 0.703099 0.0236788 0.111823 0.185146
0 0.0118533 0.947985 0.0237065 0.10403 0.175662
0 0.342628 0.671859 0.023865 0.0767729 0.171068
0 0.400374 0.587074 0.0217822 0.0833695 0.165949
30 0.377983 0.527614 0.0706043 0.382491 0.16578
30 0.363453 0.519337 0.0503515 0.433754 0.164699
30 0.349023 0.513898 0.044535 0.435582 0.163896
0 0.0880707 0.692188 0.0420132 0.153201 0.163548
0 0.611721 0.742776 0.0285313 0.101566 0.15933
0 0.127449 0.872047 0.0440356 0.0889348 0.156935
0 0.310386 0.304349 0.0296733 0.0996794 0.156276
0 0.316099 0.30455 0.0392698 0.10712 0.155023
0 0.43742 0.956549 0.0262872 0.0744652 0.143984
0 0.258071 0.278717 0.04084 0.108862 0.137731
30 0.106889 0.956324 0.0445966 0.0376481 0.13542
30 0.249002 0.368374 0.0587525 0.20243 0.134138
0 0.32774 0.28292 0.0249181 0.133277 0.124082
0 0.56709 0.877569 0.0285847 0.0848627 0.123825
30 0.108486 0.960902 0.0502263 0.0306758 0.122554
31 0.105815 0.957671 0.0431545 0.0342891 0.119473
30 0.287699 0.640339 0.0490343 0.332449 0.117949
0 0.45753 0.849962 0.0261032 0.0662969 0.117492
30 0.288992 0.565179 0.0665835 0.498948 0.115383
0 0.154407 0.530841 0.0233124 0.0816599 0.111755
0 0.62401 0.444277 0.0220178 0.106554 0.111329
31 0.403921 0.969508 0.0421394 0.060985 0.110885
0 0.1897 0.603105 0.0256326 0.0914042 0.110258
0 0.404717 0.924164 0.042093 0.0566046 0.109994
0 0.286101 0.646298 0.0375122 0.255126 0.108497
0 0.374336 0.274729 0.018694 0.0734018 0.108477
30 0.325296 0.545503 0.0640225 0.487305 0.108163
30 0.309508 0.542683 0.0472126 0.486599 0.107938
0 0.55368 0.482296 0.0328263 0.157052 0.107759
0 0.187731 0.788747 0.0369419 0.115348 0.103573
