0 0.905417 0.598004 0.0333462 0.169163 0.41703
0 0.0503758 0.958144 0.0436386 0.0807489 0.41495
0 0.444051 0.954383 0.0447813 0.0912334 0.394809
0 0.0925087 0.871229 0.0464221 0.098265 0.323114
0 0.142531 0.949627 0.0480241 0.100746 0.264474
0 0.975953 0.453181 0.0238287 0.113981 0.229078
0 0.770904 0.243198 0.0420872 0.135789 0.228805
0 0.385648 0.983663 0.0279304 0.0326746 0.218553
0 0.679457 0.907051 0.0285477 0.0879271 0.204714
0 0.722725 0.82318 0.0393768 0.117416 0.198128
0 0.710182 0.411647 0.0366819 0.107074 0.191586
0 0.317567 0.807022 0.0401658 0.106564 0.175935
0 0.543065 0.978131 0.0412484 0.0437378 0.146297
0 0.69982 0.626303 0.0283288 0.0970215 0.140144
0 0.747838 0.773993 0.0239322 0.108863 0.135571
0 0.777747 0.660616 0.0256678 0.1016 0.1342
0 0.246314 0.832844 0.0296161 0.0880964 0.134155
0 0.927598 0.640969 0.0307865 0.097615 0.132954
0 0.283587 0.826149 0.0256916 0.0986657 0.129728
0 0.382268 0.0955602 0.0225122 0.101474 0.118399
0 0.228756 0.909586 0.0444059 0.0964687 0.117419
0 0.017658 0.872877 0.0352789 0.117307 0.115883
0 0.232637 0.875753 0.0520902 0.165688 0.10762
