0 0.892845 0.943032 0.0483166 0.0936368 0.538625
0 0.759023 0.95859 0.0294528 0.0822061 0.495561
0 0.547 0.069859 0.0390953 0.124265 0.461751
0 0.633182 0.884863 0.0339277 0.0871304 0.408137
0 0.984263 0.774451 0.030826 0.0973801 0.389871
0 0.247081 0.910045 0.0290124 0.116324 0.375996
0 0.393187 0.106007 0.0306257 0.105311 0.375333
0 0.68028 0.842235 0.0205706 0.0964608 0.366204
0 0.403898 0.585134 0.0282579 0.0969812 0.334641
0 0.668176 0.21617 0.0217707 0.0859883 0.270324
0 0.0382347 0.829756 0.0746922 0.223671 0.265187
0 0.539657 0.288737 0.0214752 0.0977048 0.257268
0 0.714821 0.831597 0.0278335 0.101972 0.246012
0 0.390757 0.965226 0.036295 0.0695481 0.241416
0 0.150265 0.959351 0.0332693 0.0812971 0.23833
0 0.619671 0.290769 0.0319551 0.125872 0.229393
0 0.309382 0.311983 0.0266411 0.10088 0.224787
0 0.723749 0.0452384 0.0238296 0.0900369 0.219359
0 0.392093 0.835812 0.0297164 0.0880467 0.207877
3 0.548477 0.0944578 0.0350235 0.0848651 0.206852
0 0.795125 0.190727 0.0237643 0.0910711 0.200292
0 0.650607 0.42833 0.0227064 0.101601 0.198344
0 0.489824 0.61662 0.0264925 0.109732 0.197625
0 0.265959 0.127386 0.0284654 0.108601 0.192773
0 0.2693 0.270181 0.0263065 0.0954754 0.183292
0 0.964325 0.73742 0.0261299 0.107602 0.182342
0 0.173503 0.859534 0.0390858 0.123943 0.177726
0 0.336095 0.404519 0.0250113 0.120976 0.170712
0 0.393337 0.311292 0.034359 0.0929248 0.170239
0 0.157064 0.882111 0.0360964 0.0795354 0.168661
0 0.309739 0.297564 0.0243298 0.0726139 0.161505
0 0.699778 0.224099 0.0283201 0.0677951 0.156771
0 0.163007 0.870026 0.0488379 0.103818 0.149433
0 0.841451 0.111836 0.0240782 0.0972244 0.146423
0 0.360525 0.406613 0.0273869 0.126794 0.14288
0 0.100475 0.185163 0.0261409 0.0942466 0.133275
0 0.171152 0.859994 0.0624571 0.126472 0.132825
0 0.0626544 0.893616 0.0320508 0.0953613 0.127533
0 0.966658 0.752056 0.0306982 0.13833 0.124802
0 0.306499 0.336497 0.0282499 0.0917332 0.124717
0 0.179743 0.208311 0.0229707 0.086953 0.124356
0 0.539197 0.0554078 0.0237078 0.0903609 0.119714
0 0.617242 0.302951 0.0345511 0.0989438 0.119669
0 0.578816 0.324093 0.0216039 0.0886918 0.118187
0 0.645121 0.345136 0.0179651 0.083149 0.117468
0 0.881132 0.777337 0.0434906 0.0998066 0.10673
0 0.842597 0.0977416 0.020125 0.0682366 0.106122
3 0.223276 0.0889506 0.0460716 0.0792395 0.101942
0 0.880102 0.195322 0.0350672 0.101228 0.101863
