0 0.172496 0.247445 0.0444235 0.127576 0.440101
0 0.387059 0.962688 0.0296685 0.074623 0.369516
0 0.0700814 0.865984 0.0405541 0.118176 0.326869
0 0.124528 0.816539 0.0327978 0.0888028 0.309359
0 0.713421 0.931692 0.023715 0.0924018 0.277588
0 0.651878 0.439131 0.0286547 0.0939164 0.223266
0 0.190121 0.789909 0.0309878 0.101409 0.203861
0 0.457914 0.225698 0.0262858 0.0850996 0.195801
0 0.264441 0.974747 0.0245037 0.0505066 0.18968
0 0.752613 0.745147 0.0285517 0.0930772 0.173378
0 0.530227 0.856769 0.0358768 0.0952485 0.173189
0 0.340999 0.0654914 0.0405057 0.105019 0.166827
0 0.697961 0.296401 0.0179857 0.0703165 0.162863
0 0.151562 0.957867 0.0328718 0.0824108 0.161347
0 0.0765576 0.874234 0.0517775 0.116031 0.15137
0 0.236983 0.868382 0.0315316 0.113834 0.150626
0 0.458576 0.883808 0.0337563 0.0727339 0.149208
0 0.89767 0.787181 0.0217182 0.0881598 0.148671
0 0.711119 0.430273 0.0258758 0.125156 0.148251
0 0.0538505 0.242306 0.032737 0.102699 0.137005
0 0.607518 0.797442 0.0208 0.103279 0.131829
0 0.159767 0.887078 0.0348296 0.0859659 0.131514
0 0.228166 0.974004 0.0265185 0.0511035 0.130028
0 0.491666 0.95107 0.055674 0.09786 0.126436
0 0.0541634 0.793366 0.0425811 0.1416 0.120476
0 0.411987 0.19535 0.0279939 0.103689 0.118631
0 0.42043 0.825773 0.0377337 0.117015 0.115822
0 0.648726 0.25225 0.0410268 0.141453 0.113522
0 0.194458 0.795829 0.0403241 0.116847 0.111545
0 0.732287 0.520787 0.0266392 0.0843793 0.104819
0 0.842183 0.913796 0.0421513 0.160731 0.104407
0 0.351657 0.587058 0.0238885 0.0966714 0.102902
0 0.157974 0.912502 0.0401181 0.126074 0.101164
