0 0.466747 0.860867 0.0305332 0.0956433 0.436138
0 0.701217 0.961313 0.0405847 0.0773742 0.432607
0 0.786712 0.446817 0.0306528 0.114031 0.35993
0 0.834246 0.793159 0.035767 0.169062 0.357588
0 0.766372 0.784717 0.0371881 0.12925 0.325146
0 0.649975 0.224257 0.0271308 0.0878919 0.257316
0 0.397888 0.101225 0.0342538 0.113283 0.217654
0 0.552107 0.855521 0.0219031 0.105935 0.215652
0 0.224173 0.154826 0.0251496 0.102348 0.215199
0 0.735886 0.293573 0.0241963 0.103686 0.196909
0 0.161911 0.878768 0.0300698 0.117986 0.175907
0 0.934499 0.626412 0.029783 0.0954448 0.163769
0 0.946872 0.970862 0.0281109 0.0582768 0.162113
0 0.776822 0.309205 0.0255083 0.0864323 0.152659
0 0.701134 0.276837 0.0196264 0.0815908 0.151711
30 0.31839 0.51042 0.0693364 0.502768 0.150307
0 0.102818 0.295133 0.0368371 0.138561 0.1479
0 0.156596 0.962767 0.0480374 0.0736237 0.144335
0 0.980079 0.697384 0.0242729 0.100928 0.141376
0 0.336694 0.0305676 0.0231948 0.0611353 0.13669
0 0.109857 0.772491 0.0768583 0.200456 0.12889
0 0.833996 0.234816 0.0337258 0.0881404 0.128072
0 0.475344 0.304263 0.0396472 0.146138 0.121635
0 0.457985 0.157079 0.0170784 0.0731151 0.113607
0 0.751629 0.955177 0.0299216 0.0896244 0.111206
0 0.107688 0.772773 0.0511548 0.188711 0.110884
0 0.726197 0.186236 0.0247356 0.0994637 0.109848
0 0.361282 0.323014 0.0331217 0.188101 0.103857
0 0.268101 0.317018 0.0297716 0.109572 0.101697
0 0.334688 0.283256 0.0262796 0.11025 0.101264
0 0.61824 0.176252 0.0256466 0.0963723 0.100699
