0 0.889642 0.266937 0.0375774 0.126731 0.566695
0 0.648087 0.082674 0.0328713 0.100726 0.540333
0 0.327215 0.953553 0.0471808 0.0915556 0.522218
0 0.458953 0.0677398 0.0199104 0.103946 0.429541
0 0.61229 0.0561135 0.0300722 0.111022 0.420989
0 0.700929 0.925972 0.0415087 0.0880483 0.41988
0 0.735302 0.667001 0.0269257 0.112373 0.416927
0 0.218619 0.095876 0.023008 0.0919645 0.413196
0 0.900211 0.738852 0.0542873 0.138216 0.396403
0 0.683305 0.270244 0.0294138 0.14181 0.367455
0 0.221297 0.883574 0.0325605 0.0870851 0.344091
0 0.0111435 0.757386 0.022287 0.131553 0.322559
0 0.947147 0.181413 0.0281554 0.102162 0.301589
0 0.612959 0.265079 0.023553 0.103599 0.294338
0 0.718807 0.584092 0.0296517 0.10186 0.276647
0 0.915801 0.11756 0.0191624 0.0914815 0.263463
30 0.28418 0.507799 0.0685618 0.332631 0.256572
0 0.247057 0.844689 0.0291567 0.0775336 0.247114
0 0.0992552 0.18536 0.0246636 0.0956017 0.231617
0 0.106942 0.670915 0.0270053 0.0772887 0.219368
30 0.244098 0.478721 0.0575629 0.270291 0.218986
0 0.604909 0.817124 0.0218271 0.103483 0.215238
0 0.38019 0.447687 0.0217872 0.10576 0.201877
0 0.346323 0.253664 0.0312222 0.0999501 0.198117
0 0.97697 0.924744 0.0444801 0.101306 0.192471
0 0.804759 0.138825 0.0284843 0.0995611 0.177044
0 0.192998 0.516888 0.0309929 0.14744 0.173662
0 0.641666 0.581665 0.0320696 0.160712 0.173596
0 0.300915 0.0484926 0.029163 0.0911872 0.172824
0 0.328808 0.463737 0.0253549 0.114067 0.171634
0 0.267607 0.196158 0.0329576 0.0878044 0.166781
0 0.68396 0.246419 0.0280987 0.0935346 0.166685
0 0.098263 0.707067 0.0482125 0.152338 0.166369
31 0.279377 0.514928 0.0577226 0.283457 0.164243
30 0.204679 0.477549 0.0531896 0.25486 0.158453
0 0.352346 0.510957 0.0318883 0.213374 0.151946
0 0.589022 0.423579 0.0230389 0.10849 0.150439
0 0.428694 0.66388 0.0212187 0.0940655 0.147791
0 0.135782 0.384345 0.0249802 0.0904503 0.147015
0 0.358966 0.316543 0.0261398 0.0949467 0.139772
0 0.785544 0.555705 0.0254563 0.083633 0.138057
0 0.405805 0.495559 0.0289495 0.174312 0.137948
0 0.539645 0.556001 0.0387708 0.154773 0.135113
30 0.25417 0.488299 0.0709117 0.314773 0.134976
0 0.354707 0.454603 0.0237752 0.0980227 0.134676
0 0.354568 0.437116 0.0236382 0.0645649 0.131501
0 0.760877 0.231243 0.0333273 0.0791731 0.130395
0 0.0919513 0.726348 0.0356262 0.108379 0.122443
0 0.70024 0.363772 0.0269447 0.087097 0.12178
0 0.557384 0.98398 0.0272394 0.0320401 0.121423
30 0.646806 0.113712 0.0347891 0.0569048 0.119791
0 0.34249 0.252911 0.0216817 0.095368 0.118916
0 0.264086 0.408623 0.0319431 0.16824 0.117572
0 0.150323 0.8808 0.0373419 0.100228 0.117272
0 0.0955536 0.714027 0.0406438 0.124412 0.116279
0 0.406364 0.466166 0.0279693 0.110008 0.111125
0 0.680431 0.291303 0.0309259 0.0997924 0.107878
0 0.353736 0.486079 0.0274881 0.160431 0.106971
0 0.462112 0.588916 0.0309712 0.0995964 0.10681
30 0.438462 0.524634 0.0488149 0.359728 0.106527
0 0.102832 0.690677 0.0356649 0.116596 0.105795
31 0.304778 0.452262 0.0398061 0.211857 0.105127
30 0.648019 0.103879 0.0319782 0.0618738 0.104634
0 0.876926 0.585027 0.0263859 0.143025 0.102741
30 0.349626 0.552827 0.0331949 0.220321 0.102671
31 0.230073 0.494924 0.0419793 0.184112 0.100844
