0 0.686515 0.963086 0.0441227 0.0738276 0.467158
30 0.525499 0.601722 0.0513341 0.55203 0.447731
0 0.457279 0.858839 0.0352072 0.0874536 0.346612
0 0.76103 0.789199 0.0398201 0.132538 0.344236
0 0.737092 0.281285 0.0242353 0.105747 0.316569
0 0.839626 0.812522 0.0343445 0.132823 0.262424
0 0.938171 0.968682 0.029102 0.0626359 0.253375
30 0.466816 0.576146 0.0732201 0.55244 0.234525
0 0.740475 0.95554 0.0462961 0.0885939 0.198519
0 0.646598 0.228121 0.028196 0.0881677 0.189005
30 0.210564 0.602236 0.121678 0.532302 0.182658
30 0.534637 0.612479 0.0592737 0.574852 0.17381
0 0.928454 0.627571 0.0254325 0.0962279 0.169446
0 0.387454 0.105745 0.0276444 0.112096 0.168486
0 0.263674 0.313566 0.0278762 0.103052 0.167072
31 0.39933 0.474541 0.0603418 0.204138 0.162447
0 0.413217 0.279063 0.0270993 0.149356 0.15787
30 0.554912 0.605668 0.0508103 0.556388 0.130431
0 0.171693 0.300053 0.0299447 0.092178 0.126226
0 0.543794 0.855657 0.0198327 0.0995376 0.122553
0 0.215899 0.154915 0.0240805 0.104054 0.121454
0 0.365161 0.27278 0.0225044 0.0892083 0.12061
0 0.109162 0.762781 0.0376457 0.118993 0.117055
0 0.627551 0.841942 0.0319161 0.0849405 0.116731
0 0.49983 0.332585 0.0189333 0.0817091 0.116505
0 0.612745 0.175736 0.0265472 0.0999981 0.114082
0 0.793349 0.445194 0.0293494 0.112366 0.111233
30 0.398133 0.477158 0.060044 0.202786 0.110318
0 0.620722 0.73942 0.0240549 0.0834294 0.110125
30 0.448623 0.573834 0.0896845 0.550037 0.105618
0 0.191863 0.311884 0.0194046 0.0605779 0.103629
0 0.0147466 0.927086 0.0294204 0.143005 0.101628
0 0.694156 0.963038 0.0339577 0.0739245 0.100956
0 0.0325166 0.84107 0.0490732 0.0890687 0.100418
