0 0.0670033 0.859163 0.0395779 0.139676 0.572778
0 0.399561 0.965627 0.0331487 0.0687464 0.561104
0 0.183587 0.250233 0.0402228 0.1284 0.543583
0 0.869075 0.974495 0.0246811 0.0510099 0.486455
0 0.44044 0.824134 0.0384108 0.137947 0.37185
0 0.289252 0.281789 0.0266181 0.0868187 0.280066
0 0.243985 0.963903 0.0380339 0.0721945 0.273263
0 0.184487 0.270949 0.0407814 0.0876231 0.257343
0 0.206523 0.789498 0.0221017 0.0997401 0.217197
0 0.641988 0.441007 0.0227733 0.0947648 0.213149
0 0.732335 0.944898 0.032591 0.0912865 0.206328
0 0.144884 0.666848 0.0269477 0.116981 0.200028
0 0.546429 0.859317 0.0236933 0.0857992 0.196068
0 0.145274 0.818068 0.0353499 0.0858198 0.189621
0 0.0693984 0.244902 0.0377531 0.103666 0.184994
0 0.808289 0.505806 0.0594616 0.328999 0.179552
0 0.659797 0.25183 0.0264011 0.135667 0.178456
0 0.358932 0.0635221 0.030435 0.111621 0.167047
0 0.437056 0.987031 0.0192314 0.0259386 0.16622
0 0.142769 0.829291 0.0329939 0.110002 0.164818
0 0.521202 0.949173 0.0760656 0.101654 0.163932
0 0.532995 0.795832 0.0308259 0.119307 0.160665
31 0.337404 0.929855 0.0472857 0.0243186 0.153271
0 0.650762 0.649876 0.023753 0.0943204 0.152313
0 0.622229 0.801319 0.0405712 0.108206 0.149902
0 0.434833 0.203241 0.0418242 0.128134 0.135298
0 0.205538 0.799806 0.0286533 0.118341 0.132006
0 0.341926 0.895468 0.0430739 0.0816631 0.12999
0 0.897886 0.789892 0.0224174 0.0866196 0.125932
0 0.735404 0.747666 0.0288739 0.134314 0.125618
0 0.148912 0.925432 0.0369401 0.149136 0.122411
0 0.00982002 0.305611 0.01964 0.157902 0.120448
0 0.568908 0.287871 0.0380812 0.0882178 0.111337
0 0.268002 0.0461073 0.0208223 0.0823165 0.105829
0 0.511173 0.953278 0.0547731 0.0934433 0.104332
0 0.148925 0.951155 0.033957 0.0976897 0.103322
