0 0.367119 0.0677247 0.0240479 0.114865 0.425699
0 0.741449 0.974479 0.0268934 0.0510419 0.410877
0 0.903149 0.769708 0.0259559 0.0939917 0.366378
0 0.115425 0.936963 0.0406796 0.125755 0.350991
0 0.975384 0.668764 0.0315189 0.110175 0.341036
0 0.702357 0.211272 0.0359418 0.0893441 0.338587
0 0.860718 0.487158 0.0283615 0.0983863 0.337106
0 0.754757 0.891685 0.0305769 0.0914225 0.292412
0 0.355377 0.956953 0.0443041 0.0860939 0.275187
0 0.208172 0.205034 0.0290649 0.1052 0.256935
0 0.529683 0.958878 0.0245529 0.0822442 0.252533
0 0.780675 0.8739 0.0269045 0.0948439 0.212306
0 0.114089 0.921947 0.0347133 0.0958082 0.207868
0 0.615784 0.905695 0.0308536 0.0720871 0.203232
0 0.671043 0.957239 0.0378451 0.0855224 0.196642
0 0.42743 0.862366 0.0354629 0.0935803 0.19321
0 0.602115 0.82119 0.0269512 0.113107 0.193043
0 0.698251 0.423108 0.0248338 0.134188 0.17349
0 0.911394 0.406445 0.036196 0.12167 0.17236
0 0.487963 0.868684 0.048999 0.0963231 0.165675
0 0.927092 0.548541 0.0302973 0.0941009 0.148431
0 0.543515 0.959679 0.0563499 0.0806413 0.14121
0 0.218728 0.90681 0.0614709 0.127634 0.138928
0 0.125752 0.216834 0.0320638 0.0969362 0.138702
0 0.673561 0.945183 0.0319901 0.0612859 0.135779
0 0.486201 0.0323618 0.0180341 0.0647236 0.126844
0 0.0655512 0.792123 0.036717 0.0976785 0.125535
30 0.43473 0.563137 0.0768425 0.553694 0.123628
0 0.0900887 0.148874 0.0249102 0.0947861 0.122657
0 0.920066 0.0853598 0.0316143 0.0916698 0.121214
0 0.921581 0.066467 0.0225653 0.0559759 0.119713
0 0.615794 0.896358 0.0258452 0.051374 0.115863
0 0.109641 0.0467669 0.0312717 0.0885655 0.110516
0 0.518969 0.957167 0.0457817 0.0856652 0.109768
0 0.781237 0.851886 0.0241701 0.0501097 0.109148
0 0.603281 0.803159 0.0240074 0.079604 0.1086
0 0.979823 0.732053 0.0399033 0.236917 0.10137
0 0.176262 0.776475 0.0459212 0.131651 0.100779
