0 0.779326 0.733457 0.0346171 0.116728 0.583913
0 0.800254 0.959776 0.0248424 0.0804475 0.445172
0 0.159618 0.943844 0.0322128 0.111801 0.399484
0 0.803083 0.586165 0.0236927 0.0943802 0.390445
0 0.147474 0.238913 0.0441367 0.120135 0.386647
0 0.545174 0.974347 0.0374653 0.0513059 0.364559
0 0.674811 0.913687 0.0237753 0.0949411 0.354291
0 0.30945 0.057627 0.0373246 0.111444 0.281858
0 0.87248 0.903964 0.0437763 0.101671 0.2722
0 0.898214 0.782151 0.0213006 0.0866754 0.271456
0 0.739298 0.632092 0.021242 0.0930436 0.268161
0 0.495366 0.853247 0.0368997 0.105978 0.261375
0 0.879823 0.846191 0.0586308 0.214498 0.251489
0 0.350247 0.945985 0.0249313 0.0616044 0.19336
0 0.283573 0.977323 0.0359271 0.0453537 0.174773
0 0.202156 0.878571 0.0372556 0.102889 0.172657
0 0.34956 0.957167 0.026708 0.0821587 0.161013
9 0.680561 0.439098 0.0198391 0.0969298 0.147275
0 0.383913 0.191129 0.027738 0.0983602 0.147152
0 0.733539 0.412149 0.0310328 0.110945 0.139982
0 0.257178 0.317202 0.0199003 0.0885867 0.134064
0 0.385736 0.839787 0.0367168 0.136069 0.133911
0 0.572214 0.799527 0.0284284 0.100826 0.131914
0 0.09794 0.982377 0.0233237 0.0352465 0.127691
0 0.0906023 0.840261 0.0507575 0.141537 0.125034
0 0.439339 0.961026 0.0314539 0.0779481 0.119601
0 0.33652 0.325649 0.0327643 0.109162 0.113754
0 0.026074 0.231295 0.0323159 0.11233 0.112761
0 0.224939 0.094214 0.0254779 0.125349 0.107258
0 0.269065 0.874712 0.0251913 0.0949746 0.103659
0 0.494176 0.21885 0.0370529 0.09045 0.102924
0 0.84338 0.566458 0.0232391 0.0903012 0.100954
