0 0.299487 0.877563 0.0424384 0.0971258 0.565437
0 0.181899 0.75458 0.024467 0.105509 0.469973
0 0.699306 0.96825 0.027409 0.063499 0.393123
0 0.607269 0.846343 0.0342624 0.0904275 0.329491
0 0.3276 0.0615238 0.0308018 0.090529 0.329406
0 0.757982 0.802201 0.0277611 0.0832167 0.295854
0 0.562159 0.868188 0.0252047 0.0668017 0.294407
0 0.539543 0.959993 0.0542859 0.0773859 0.279326
0 0.895958 0.971693 0.0297533 0.0566138 0.271951
0 0.82593 0.968045 0.0268905 0.061875 0.266169
0 0.0190451 0.85939 0.0380779 0.183888 0.24172
0 0.0198728 0.81577 0.0397456 0.204392 0.240008
0 0.105057 0.750223 0.0384213 0.150536 0.20999
0 0.296684 0.86907 0.0302414 0.0813595 0.20459
0 0.563015 0.875054 0.0310264 0.0803463 0.202422
0 0.176233 0.245645 0.0307122 0.161468 0.194991
0 0.199071 0.531901 0.0263132 0.0978303 0.192677
0 0.0193275 0.78465 0.0386549 0.286066 0.192529
36 0.299159 0.915732 0.0464537 0.0295784 0.192363
0 0.0521273 0.219447 0.0326298 0.115349 0.169642
0 0.166323 0.404197 0.0241139 0.0784607 0.167378
0 0.492061 0.404344 0.0217048 0.0927857 0.163361
36 0.298731 0.911514 0.0479831 0.0415182 0.155979
0 0.229277 0.310687 0.0342714 0.110376 0.154491
0 0.217532 0.755846 0.0304586 0.120767 0.154281
0 0.212357 0.763928 0.0406918 0.136313 0.14219
0 0.932988 0.557997 0.0350101 0.150683 0.137846
0 0.794681 0.942165 0.0298923 0.0885945 0.137078
0 0.218177 0.732236 0.0224545 0.073304 0.130706
0 0.795932 0.927125 0.0287804 0.059413 0.124766
0 0.10085 0.778884 0.0299508 0.0979827 0.122851
0 0.662615 0.8994 0.0290532 0.100354 0.122112
0 0.0803519 0.140771 0.0298051 0.0969282 0.119935
0 0.10905 0.737901 0.0319338 0.165287 0.119186
31 0.00841105 0.949107 0.0168221 0.0612694 0.11289
36 0.298483 0.921383 0.046558 0.0185535 0.106249
0 0.988222 0.791797 0.0227253 0.0832524 0.101271
