0 0.301218 0.877926 0.0431911 0.0968426 0.473461
0 0.183726 0.755343 0.0236893 0.101919 0.468278
0 0.103182 0.780786 0.0338963 0.0988068 0.460584
0 0.697089 0.9681 0.0289924 0.0637991 0.40742
0 0.756426 0.803184 0.0278618 0.0838134 0.367477
0 0.222336 0.763724 0.0328067 0.134386 0.348701
0 0.331036 0.0547644 0.0220954 0.0784014 0.339969
0 0.823907 0.967912 0.0290722 0.0628788 0.335853
0 0.559557 0.875155 0.0371219 0.0810527 0.298556
0 0.0219972 0.815285 0.0439527 0.210245 0.291384
0 0.792806 0.939006 0.0287067 0.0844005 0.290843
0 0.185425 0.76147 0.0289945 0.119171 0.260271
0 0.605185 0.844311 0.0319422 0.0826084 0.253268
0 0.538705 0.960229 0.0585756 0.0795412 0.230629
0 0.893547 0.971327 0.0305034 0.0573451 0.225821
0 0.300658 0.592967 0.0207115 0.0932954 0.222679
0 0.23058 0.309077 0.0320956 0.111092 0.221825
0 0.106094 0.753632 0.040848 0.153648 0.199782
0 0.224615 0.730349 0.0268549 0.0669144 0.188455
0 0.300981 0.893622 0.0461981 0.0716693 0.16416
9 0.0848418 0.0344399 0.0290091 0.0688797 0.162783
31 0.300366 0.911633 0.0489354 0.0371099 0.156252
0 0.023155 0.846769 0.0462571 0.1485 0.146722
0 0.884685 0.708686 0.027713 0.094881 0.135441
30 0.328909 0.0969769 0.0337607 0.02157 0.133505
0 0.488309 0.405813 0.024197 0.0928698 0.133494
0 0.0093353 0.920816 0.0185346 0.121722 0.127908
0 0.11278 0.612933 0.0404685 0.108308 0.126621
0 0.559172 0.447817 0.0317015 0.092175 0.124033
0 0.168589 0.405068 0.0282937 0.0802225 0.121392
3 0.537439 0.959459 0.0576126 0.0801908 0.11887
0 0.930982 0.55576 0.0328504 0.149574 0.118013
0 0.112862 0.63566 0.0433504 0.153038 0.113013
0 0.726974 0.429477 0.0369547 0.137596 0.112158
0 0.054208 0.215614 0.0325873 0.102682 0.11152
0 0.331031 0.0557895 0.0286438 0.0882223 0.104911
0 0.200552 0.534057 0.0278434 0.105516 0.102954
