0 0.0342686 0.976762 0.0293734 0.0464765 0.536542
0 0.535302 0.808328 0.0282054 0.133557 0.488682
0 0.147283 0.949533 0.0399891 0.100935 0.423556
0 0.243136 0.870284 0.0581756 0.182182 0.362056
0 0.655122 0.892628 0.0274075 0.0877652 0.344917
0 0.415877 0.957587 0.0473969 0.0848252 0.34188
0 0.639666 0.744235 0.0348929 0.110745 0.28662
0 0.752012 0.662061 0.0356741 0.101007 0.27699
0 0.913435 0.606384 0.0480515 0.171279 0.271696
0 0.23509 0.858788 0.0463352 0.148368 0.263456
0 0.275164 0.808435 0.031856 0.170301 0.218292
0 0.510473 0.979 0.0249216 0.0420009 0.20971
0 0.342616 0.0806607 0.0222747 0.101798 0.20856
0 0.727783 0.811794 0.0422695 0.16148 0.188897
0 0.654248 0.295973 0.0368523 0.0988718 0.157878
0 0.6394 0.775045 0.0379703 0.17733 0.150678
0 0.263822 0.263992 0.0377182 0.129405 0.14861
0 0.730461 0.764769 0.0212348 0.0660276 0.148084
0 0.216012 0.253715 0.0341411 0.0910425 0.143193
0 0.403278 0.0691091 0.017949 0.0997859 0.140061
0 0.449892 0.299975 0.0202729 0.082925 0.136417
0 0.0355373 0.882835 0.0311564 0.0872526 0.130327
0 0.427047 0.199087 0.0360328 0.0934526 0.12682
0 0.382545 0.0823092 0.0225987 0.100192 0.125209
0 0.457134 0.0775173 0.0337093 0.106551 0.123771
0 0.257494 0.279715 0.026233 0.107594 0.123491
0 0.181963 0.111302 0.0316743 0.107845 0.12018
0 0.754281 0.23456 0.0301975 0.144701 0.119807
0 0.108858 0.868736 0.0362854 0.101693 0.118972
0 0.0238467 0.634116 0.0476934 0.219604 0.112997
0 0.089245 0.170463 0.0297627 0.100009 0.105668
0 0.633229 0.968244 0.0498276 0.0635115 0.105645
0 0.511091 0.19178 0.0261383 0.102015 0.103583
0 0.158734 0.78889 0.058681 0.15483 0.101087
0 0.989979 0.524887 0.0196129 0.253627 0.100815
0 0.626986 0.973141 0.0469264 0.0537173 0.100615
0 0.164761 0.225341 0.0350429 0.0936782 0.100465
