0 0.788875 0.957338 0.0304337 0.0804717 0.566266
0 0.781285 0.95824 0.045372 0.0805099 0.54459
0 0.548308 0.973955 0.0291054 0.0520908 0.519568
0 0.304836 0.0551555 0.0391093 0.109669 0.393787
0 0.142629 0.23652 0.0473539 0.123342 0.384127
0 0.883482 0.905469 0.0338856 0.100958 0.365311
0 0.897498 0.782015 0.0223976 0.0874536 0.351079
0 0.484852 0.854949 0.0251196 0.112943 0.307317
0 0.740356 0.416005 0.0309837 0.112265 0.29672
0 0.162356 0.945658 0.0336905 0.108504 0.267008
0 0.664584 0.912868 0.026659 0.0924666 0.25626
0 0.376511 0.191084 0.0259266 0.0992443 0.247734
0 0.0833677 0.906635 0.03199 0.0866176 0.23478
0 0.803944 0.591088 0.0258814 0.0851544 0.225115
0 0.897168 0.798843 0.024858 0.124784 0.207206
0 0.301413 0.246595 0.0331306 0.102649 0.179754
0 0.685585 0.445068 0.0273102 0.0938323 0.178513
0 0.60755 0.251096 0.0299028 0.126934 0.17696
0 0.61284 0.498041 0.0350728 0.199403 0.17472
0 0.659974 0.285354 0.0185864 0.0719855 0.165215
0 0.603769 0.280636 0.028595 0.0941489 0.164008
0 0.340203 0.956185 0.0377531 0.0869447 0.152642
0 0.88779 0.903022 0.0246398 0.0995163 0.147784
0 0.0955518 0.857238 0.0568285 0.15194 0.144833
0 0.00618112 0.803172 0.0123622 0.103624 0.143909
0 0.609435 0.235536 0.0261843 0.101969 0.142186
0 0.160937 0.7923 0.0285205 0.0957746 0.139051
0 0.605635 0.266165 0.0291671 0.117528 0.135866
0 0.787932 0.731667 0.0294874 0.106208 0.103882
0 0.29393 0.978069 0.0293017 0.0438628 0.102501
