0 0.901002 0.718101 0.03343 0.190195 0.530493
0 0.15838 0.190285 0.0225941 0.0939668 0.418159
0 0.431553 0.966279 0.0260253 0.0658473 0.416359
0 0.038705 0.957955 0.0384367 0.0840905 0.407204
0 0.131287 0.971711 0.0405199 0.056579 0.402552
0 0.347657 0.141609 0.0266808 0.104863 0.397574
0 0.0326284 0.210979 0.0299907 0.10427 0.379735
0 0.621702 0.211234 0.0289997 0.0864037 0.376325
0 0.353852 0.80568 0.0260777 0.0946887 0.371051
0 0.205113 0.919158 0.0309105 0.0719525 0.367878
0 0.790599 0.472256 0.0289598 0.0974275 0.367432
0 0.511997 0.794839 0.0325922 0.137527 0.364536
0 0.654732 0.968797 0.041553 0.0624054 0.363737
0 0.658938 0.969564 0.0302659 0.0608728 0.344347
0 0.192491 0.210871 0.0302179 0.0994039 0.340264
0 0.404531 0.863669 0.0251436 0.101227 0.331963
0 0.0560917 0.184181 0.0220973 0.0971722 0.297826
0 0.184999 0.0456115 0.0406931 0.0878119 0.295708
0 0.62031 0.905259 0.0234001 0.0641252 0.262808
0 0.0507182 0.794884 0.0493619 0.136526 0.211771
0 0.264998 0.958526 0.0365051 0.0751868 0.199224
0 0.285265 0.289586 0.0342454 0.0925445 0.19532
0 0.555263 0.039589 0.033077 0.079178 0.177503
0 0.0607851 0.788471 0.0299585 0.119081 0.17521
0 0.61538 0.921672 0.0358372 0.0985511 0.174122
0 0.606386 0.93679 0.0301357 0.0713747 0.172898
0 0.512572 0.771447 0.0318893 0.0888952 0.168968
0 0.620247 0.919524 0.0248973 0.0921438 0.166181
0 0.273352 0.195197 0.0268381 0.101723 0.158134
0 0.77327 0.760005 0.0299673 0.103262 0.156898
0 0.843634 0.407191 0.03065 0.108862 0.143686
0 0.728328 0.452865 0.0403333 0.122905 0.143223
0 0.10027 0.809202 0.0243787 0.0990605 0.137363
0 0.0891405 0.162874 0.0258729 0.11869 0.131119
0 0.255448 0.785831 0.0365286 0.133993 0.123967
0 0.607961 0.950248 0.0336206 0.0959171 0.121602
0 0.521925 0.895609 0.0409744 0.0864986 0.117315
0 0.610214 0.937038 0.037705 0.0898283 0.114386
0 0.389182 0.620873 0.0208508 0.0822298 0.109567
0 0.463809 0.602135 0.0223882 0.0914852 0.10883
0 0.223856 0.345414 0.0343553 0.147341 0.101661
30 0.0332833 0.516269 0.0665666 0.387279 0.100463
