0 0.56113 0.957842 0.0420746 0.0843154 0.547388
0 0.796517 0.946717 0.0393602 0.106565 0.531944
0 0.962035 0.834583 0.0289185 0.0985462 0.5312
0 0.908046 0.797389 0.0365895 0.0906357 0.489658
2 0.0172523 0.0497061 0.0345047 0.0973387 0.478681
0 0.659458 0.815201 0.0359261 0.135066 0.449771
0 0.856042 0.738314 0.0343022 0.10224 0.411451
0 0.285571 0.963285 0.0329026 0.0733839 0.354025
0 0.348134 0.866793 0.0358822 0.107875 0.305789
30 0.388237 0.587152 0.0710266 0.41428 0.270088
0 0.821978 0.589327 0.0378797 0.150468 0.25602
0 0.552887 0.269222 0.0243777 0.088415 0.253865
0 0.104552 0.19376 0.0403771 0.127528 0.244657
0 0.759902 0.299283 0.0318317 0.0950992 0.238132
0 0.286764 0.167905 0.0451334 0.0898848 0.216364
0 0.146572 0.946419 0.0307124 0.0792234 0.203271
30 0.439158 0.671778 0.0587908 0.409624 0.195861
0 0.551201 0.525897 0.021319 0.0934957 0.160336
0 0.895696 0.645134 0.0240664 0.0862836 0.155617
30 0.285683 0.581086 0.114515 0.569025 0.152579
30 0.301346 0.589629 0.0721387 0.52355 0.152397
30 0.0508535 0.621051 0.101707 0.48853 0.151947
0 0.224054 0.241038 0.035589 0.0988239 0.145041
0 0.655701 0.985219 0.0181211 0.0295622 0.14037
0 0.523594 0.4457 0.027397 0.109263 0.136854
0 0.0127296 0.977685 0.02535 0.04463 0.133264
0 0.64296 0.12619 0.0265379 0.114891 0.122541
30 0.341487 0.571463 0.0697154 0.486295 0.119699
0 0.374436 0.186197 0.0259574 0.0966066 0.112642
0 0.183518 0.297119 0.0266081 0.0801146 0.108739
0 0.626481 0.747855 0.0293269 0.0986231 0.107541
0 0.287401 0.149481 0.0444614 0.125255 0.107509
0 0.622676 0.597722 0.0210189 0.0965206 0.107254
0 0.216277 0.985487 0.0222046 0.0290265 0.10662
0 0.183827 0.310696 0.0289057 0.107173 0.105049
0 0.657727 0.829058 0.0346304 0.100264 0.104999
0 0.716626 0.669005 0.0232031 0.100666 0.102943
30 0.155263 0.540461 0.0532167 0.259112 0.102734
