0 0.0567812 0.868683 0.0605316 0.231704 0.511296
0 0.369109 0.0458264 0.0200294 0.0852073 0.510691
0 0.35456 0.889977 0.0249048 0.0976697 0.42549
0 0.848939 0.967953 0.0450729 0.0640935 0.425263
0 0.557827 0.851664 0.0319528 0.0841641 0.424264
0 0.506672 0.865189 0.0239418 0.0803023 0.404809
0 0.972952 0.784463 0.030371 0.102306 0.397134
0 0.14481 0.775509 0.0319157 0.0893668 0.394576
0 0.0586988 0.929268 0.0564962 0.10337 0.383969
0 0.651225 0.961641 0.0258392 0.076717 0.338203
0 0.273061 0.773812 0.028281 0.111247 0.330747
0 0.113073 0.317673 0.0384944 0.143555 0.295205
0 0.787551 0.961624 0.0309862 0.0720867 0.293873
0 0.147285 0.784455 0.0403717 0.110613 0.291131
0 0.22563 0.753398 0.0245066 0.0892338 0.277497
0 0.226958 0.768542 0.0357588 0.126618 0.269008
0 0.609694 0.871447 0.0503458 0.121252 0.258172
0 0.714015 0.805619 0.0282206 0.0886827 0.251354
0 0.0146213 0.206679 0.0291669 0.100004 0.227329
0 0.486249 0.961166 0.0413229 0.0739414 0.226548
0 0.2427 0.534922 0.0246201 0.0745374 0.217812
0 0.0918768 0.214069 0.0302925 0.109061 0.205768
0 0.0600834 0.832179 0.0543927 0.142811 0.188625
0 0.0446122 0.707222 0.0484562 0.140236 0.177742
0 0.959439 0.524035 0.0284652 0.0952598 0.177125
0 0.751532 0.937793 0.0250642 0.0836027 0.176371
0 0.850263 0.708141 0.030854 0.110844 0.1707
0 0.0097856 0.206279 0.0195712 0.0956263 0.168638
0 0.828983 0.167993 0.0302334 0.0859924 0.167016
0 0.00877026 0.688166 0.0175265 0.150005 0.164471
0 0.111501 0.64087 0.026926 0.0812007 0.161146
0 0.607665 0.885969 0.0460563 0.0917365 0.159454
0 0.0979251 0.454891 0.0448403 0.148085 0.15735
24 0.06968 0.862899 0.0346313 0.0806943 0.154706
0 0.55628 0.354063 0.0236592 0.0999187 0.151197
0 0.159513 0.700032 0.028956 0.125387 0.145157
0 0.142885 0.766638 0.0231972 0.0744858 0.142712
0 0.269449 0.304555 0.0204202 0.111973 0.142052
0 0.617831 0.855756 0.0386589 0.143724 0.139196
0 0.0499083 0.698338 0.0364114 0.136125 0.136659
0 0.219158 0.244266 0.0411608 0.164257 0.122328
0 0.149716 0.599102 0.0257198 0.0680012 0.1192
0 0.0988339 0.436908 0.037006 0.144306 0.116661
30 0.551263 0.962023 0.0347751 0.0702358 0.107222
