0 0.443752 0.0808303 0.0358339 0.108067 0.500328
0 0.684061 0.918037 0.0308422 0.0978077 0.471176
0 0.326243 0.254546 0.0245999 0.0960117 0.46801
0 0.667884 0.071176 0.0202917 0.0968745 0.434544
0 0.596705 0.0550874 0.0366411 0.110076 0.405893
0 0.622716 0.822754 0.0314538 0.0978033 0.392271
0 0.148968 0.967497 0.0342979 0.0650065 0.373617
0 0.451776 0.586083 0.0254951 0.0966849 0.343356
0 0.599934 0.27271 0.0196109 0.101884 0.318564
0 0.660431 0.804085 0.0252264 0.0835359 0.310858
0 0.20987 0.119398 0.0252865 0.097332 0.307936
0 0.726667 0.196454 0.0175343 0.0708802 0.306931
0 0.341967 0.954447 0.0468998 0.089358 0.303401
0 0.668767 0.2732 0.0352562 0.137969 0.291676
0 0.875494 0.250425 0.0235748 0.0905089 0.277816
0 0.897982 0.117214 0.0251134 0.0978046 0.258018
0 0.380548 0.428722 0.0231089 0.0967417 0.257975
0 0.792684 0.130412 0.0268271 0.0740859 0.255778
0 0.629275 0.607822 0.0267238 0.129243 0.253456
0 0.953645 0.602682 0.0410174 0.176387 0.249542
0 0.16667 0.0338205 0.027305 0.067641 0.242758
0 0.350115 0.313457 0.0305088 0.097098 0.241635
0 0.659317 0.816667 0.027818 0.104317 0.233151
0 0.673094 0.238969 0.0253443 0.0717249 0.225464
0 0.204374 0.309529 0.0330801 0.103963 0.223526
0 0.673096 0.252423 0.0264836 0.0990231 0.220901
0 0.827148 0.983376 0.0286083 0.0332481 0.21881
0 0.665063 0.286538 0.0424044 0.111775 0.21575
0 0.21277 0.886449 0.0445441 0.0938673 0.207959
0 0.841491 0.179627 0.029355 0.0893753 0.199401
0 0.662881 0.528497 0.0262642 0.0874723 0.19272
0 0.231592 0.973576 0.0299309 0.0528473 0.190812
0 0.603231 0.417311 0.0250821 0.082964 0.18934
0 0.357876 0.436804 0.0222048 0.09772 0.188849
0 0.687632 0.359005 0.0243194 0.0885558 0.188323
0 0.293869 0.0546204 0.029046 0.0839009 0.186956
0 0.930642 0.182938 0.0342476 0.102943 0.186185
0 0.901508 0.284979 0.0321148 0.0917922 0.185533
30 0.293846 0.584968 0.0583999 0.435651 0.177444
0 0.732662 0.204492 0.0304077 0.0897135 0.167763
0 0.896342 0.712255 0.0307462 0.0885961 0.163551
30 0.247738 0.597171 0.0575037 0.314153 0.154332
0 0.598885 0.0680655 0.0350832 0.087058 0.154059
0 0.0994534 0.184863 0.024768 0.0946263 0.153195
0 0.278262 0.191088 0.0204394 0.0761363 0.150176
0 0.438367 0.324449 0.0312216 0.128425 0.135854
0 0.260238 0.623167 0.0314875 0.144993 0.129019
3 0.59927 0.0747768 0.038052 0.0813578 0.127088
0 0.338584 0.632014 0.0314923 0.115919 0.125577
0 0.793202 0.151479 0.0278213 0.117521 0.122929
0 0.72559 0.204525 0.021906 0.0893602 0.121505
0 0.149764 0.390869 0.0263603 0.0941177 0.120616
0 0.745642 0.232762 0.0365822 0.082867 0.117447
30 0.445056 0.111746 0.0371912 0.0482758 0.115272
0 0.95841 0.930495 0.0476211 0.0923488 0.115184
0 0.628338 0.594279 0.023934 0.100821 0.114336
0 0.957585 0.73837 0.0434426 0.188935 0.114174
0 0.85965 0.567539 0.0317988 0.0981076 0.112048
0 0.348261 0.295817 0.0235752 0.0642876 0.111007
0 0.628197 0.629905 0.0297834 0.101754 0.107717
0 0.763267 0.724501 0.0319867 0.107123 0.105057
0 0.989059 0.760292 0.021533 0.216896 0.104272
0 0.206386 0.886885 0.0332313 0.0848359 0.104119
0 0.743842 0.219256 0.0400719 0.0593909 0.103296
0 0.331934 0.459647 0.0299937 0.159967 0.100278
