0 0.402682 0.956831 0.0405147 0.0841064 0.507837
0 0.368119 0.795555 0.0246991 0.0880003 0.440708
0 0.057431 0.943428 0.0408809 0.113143 0.440059
0 0.749793 0.198105 0.0249991 0.0937638 0.418617
0 0.231776 0.785719 0.0268984 0.10345 0.387022
0 0.920747 0.782621 0.0300739 0.129266 0.360903
0 0.900614 0.503578 0.0275887 0.0980684 0.341706
0 0.629731 0.807009 0.0341231 0.0874208 0.33176
0 0.58374 0.889114 0.0286676 0.0939643 0.331596
9 0.234401 0.029191 0.027512 0.0577261 0.308926
0 0.791954 0.971367 0.0278377 0.0572661 0.295703
0 0.966 0.563875 0.0237453 0.0872945 0.261408
0 0.951313 0.401408 0.030378 0.132745 0.249576
0 0.0177216 0.786738 0.0354432 0.111749 0.235962
0 0.253248 0.644046 0.0275515 0.0841975 0.206678
0 0.578504 0.745305 0.0328421 0.099116 0.20315
0 0.531484 0.874576 0.0245396 0.0945104 0.198564
30 0.0361896 0.537742 0.0723791 0.487101 0.1967
0 0.473092 0.864997 0.0336324 0.0838279 0.185572
0 0.581473 0.963553 0.0380664 0.0728939 0.184286
0 0.411089 0.850195 0.0250179 0.0754042 0.175945
30 0.0930211 0.463537 0.0672913 0.335165 0.17129
0 0.128809 0.805517 0.0394454 0.0802232 0.16397
0 0.769051 0.951952 0.028921 0.0960963 0.160896
0 0.151471 0.920201 0.0341734 0.108531 0.158039
0 0.130104 0.786597 0.0419167 0.119471 0.153222
0 0.446232 0.0411025 0.0210403 0.082205 0.149409
0 0.788935 0.717848 0.0295456 0.13938 0.14455
0 0.663274 0.3944 0.0231495 0.0906379 0.140297
0 0.0522365 0.951901 0.0284652 0.0961975 0.133393
0 0.788589 0.727608 0.028112 0.0957207 0.132071
0 0.328569 0.576414 0.0271855 0.0789595 0.131813
0 0.690046 0.496025 0.03029 0.109255 0.125097
0 0.715624 0.957365 0.0382536 0.0839033 0.122628
0 0.460576 0.908423 0.0352432 0.0956672 0.121854
0 0.328111 0.592942 0.0313115 0.112284 0.117826
30 0.331655 0.487808 0.0614312 0.380296 0.115984
0 0.714035 0.943322 0.028005 0.0580417 0.114793
31 0.154623 0.956885 0.0276583 0.0355477 0.11163
0 0.38058 0.0369171 0.021285 0.0738342 0.107146
33 0.447203 0.0410133 0.022896 0.0820267 0.105695
30 0.102388 0.562614 0.0639033 0.319144 0.105471
0 0.327886 0.617761 0.032299 0.160498 0.103377
0 0.664342 0.912434 0.0276843 0.0659099 0.100886
