0 0.447911 0.973589 0.0285716 0.0528222 0.463775
0 0.590506 0.878359 0.0270437 0.0991868 0.390655
0 0.255175 0.910352 0.024165 0.0937529 0.347716
0 0.938733 0.551933 0.0315952 0.126138 0.347158
0 0.0996699 0.884375 0.0306934 0.0910905 0.322149
0 0.962187 0.563644 0.0280918 0.095255 0.309733
0 0.620759 0.630803 0.0224398 0.0928587 0.282106
0 0.14464 0.942936 0.0433938 0.102324 0.260148
0 0.483102 0.823627 0.0366308 0.126044 0.255731
0 0.560044 0.949776 0.0538547 0.100448 0.213985
0 0.698901 0.249081 0.0287396 0.132344 0.195586
0 0.821808 0.480492 0.0384306 0.0961881 0.188121
0 0.179028 0.852002 0.0409585 0.143097 0.176597
0 0.790686 0.399194 0.0208893 0.0845263 0.17385
0 0.838576 0.627443 0.023196 0.0912821 0.161838
0 0.250349 0.370393 0.0253923 0.0926856 0.158868
0 0.173989 0.874525 0.0290857 0.0985778 0.153397
0 0.362277 0.977977 0.0358548 0.0440456 0.146442
0 0.690657 0.674044 0.0332352 0.127561 0.144482
0 0.692859 0.526753 0.0186075 0.0828829 0.143924
0 0.683488 0.729257 0.0537668 0.235463 0.140464
0 0.401864 0.829555 0.0286441 0.0889488 0.140255
0 0.791227 0.412159 0.0228535 0.103334 0.138701
0 0.603404 0.291447 0.0304626 0.0883266 0.129653
0 0.814332 0.478607 0.0255264 0.0924141 0.122157
0 0.0740739 0.789172 0.0288073 0.14055 0.12092
0 0.48593 0.805779 0.0407303 0.156419 0.120571
0 0.957576 0.565277 0.0385284 0.100423 0.115564
0 0.665775 0.426187 0.0271318 0.119745 0.114203
0 0.0363147 0.318793 0.0372035 0.15512 0.111727
0 0.150531 0.155796 0.0303683 0.117672 0.105171
0 0.942367 0.562163 0.0354981 0.117152 0.104684
0 0.69366 0.695379 0.0314452 0.171513 0.104111
