0 0.349316 0.0548341 0.0277803 0.0882904 0.559344
0 0.320512 0.88828 0.0253879 0.10912 0.509822
9 0.654213 0.30341 0.0200605 0.0888285 0.505199
0 0.678282 0.967018 0.0234371 0.0657498 0.462744
0 0.510593 0.961759 0.0394011 0.0758405 0.420302
0 0.982315 0.791149 0.0345941 0.1013 0.404536
30 0.178805 0.55891 0.0867069 0.547686 0.395457
0 0.0282523 0.843265 0.0521225 0.152454 0.395131
0 0.874006 0.969746 0.0383493 0.0605078 0.385492
0 0.737469 0.806347 0.030351 0.0871937 0.326889
0 0.84961 0.165664 0.0361534 0.0945124 0.322717
0 0.197961 0.246713 0.0424107 0.167117 0.321211
0 0.582854 0.847546 0.0292253 0.0752791 0.315465
0 0.204022 0.753552 0.0238431 0.0902982 0.298065
0 0.254703 0.268806 0.0360902 0.0863846 0.287102
0 0.25369 0.293913 0.0522312 0.136965 0.280174
0 0.201816 0.769227 0.0300196 0.122957 0.269069
0 0.0236524 0.694502 0.0388113 0.156333 0.265181
0 0.914884 0.558089 0.0392427 0.150783 0.257412
0 0.534785 0.876504 0.0309191 0.0904697 0.238734
30 0.21218 0.564908 0.0759034 0.532195 0.235825
30 0.210072 0.556347 0.143984 0.540079 0.235685
0 0.535515 0.859863 0.0248825 0.0556957 0.224012
0 0.676855 0.439225 0.0220959 0.102544 0.205388
0 0.672387 0.444001 0.0312855 0.108183 0.198853
0 0.0265802 0.864924 0.0531603 0.207939 0.18802
0 0.64454 0.881584 0.0496513 0.150692 0.178996
30 0.125398 0.693115 0.0584052 0.281167 0.17852
0 0.0847706 0.141295 0.0251093 0.0969072 0.17726
30 0.270979 0.552901 0.10597 0.544406 0.174118
30 0.234442 0.552333 0.0881681 0.539652 0.157436
0 0.0703512 0.21681 0.0346569 0.103698 0.150335
30 0.165174 0.554104 0.0719675 0.536167 0.138168
0 0.0909373 0.287011 0.0287989 0.117537 0.136761
0 0.671415 0.740753 0.027702 0.0988356 0.13509
0 0.852413 0.154086 0.0299417 0.0721564 0.132132
0 0.776551 0.925748 0.0262373 0.0529253 0.131605
30 0.0631186 0.585639 0.0716982 0.422423 0.127637
31 0.120981 0.779827 0.0352362 0.107561 0.126091
0 0.818546 0.469509 0.037614 0.196473 0.123113
0 0.027043 0.811062 0.0540861 0.33985 0.122806
0 0.319809 0.596887 0.0260442 0.0921386 0.121371
0 0.814031 0.966083 0.0215992 0.0664032 0.118902
30 0.127343 0.561487 0.102219 0.540453 0.118008
0 0.666984 0.758378 0.0357352 0.133925 0.117765
30 0.293019 0.562161 0.0830861 0.53809 0.115206
0 0.105837 0.0356157 0.0304097 0.0712315 0.115115
0 0.196496 0.230344 0.0358693 0.134783 0.11468
0 0.0758423 0.460479 0.0452219 0.175719 0.114668
30 0.0554354 0.563799 0.0815262 0.51872 0.108386
30 0.0384246 0.498883 0.0768491 0.411629 0.104338
30 0.0285787 0.952736 0.0568167 0.0604652 0.103406
0 0.0177625 0.709725 0.0332636 0.133189 0.100227
