0 0.868397 0.898439 0.0416871 0.10295 0.42836
0 0.80975 0.962428 0.0318388 0.0746593 0.42622
0 0.671262 0.442529 0.0254706 0.102361 0.384023
0 0.898206 0.783711 0.0217842 0.0885024 0.344066
0 0.773413 0.736062 0.0276866 0.106877 0.319385
0 0.543972 0.974301 0.0407585 0.051397 0.318448
0 0.505891 0.850257 0.0360141 0.0952077 0.298805
0 0.529894 0.980018 0.0202808 0.0399638 0.297992
0 0.687511 0.921096 0.0443474 0.0911159 0.284412
0 0.477512 0.22166 0.0355263 0.0915473 0.281066
0 0.280112 0.974124 0.0346807 0.0513554 0.278858
0 0.151018 0.246091 0.0359273 0.12684 0.262712
0 0.727452 0.412972 0.0294331 0.117769 0.255019
0 0.748198 0.0931901 0.0207964 0.0699987 0.242234
0 0.31624 0.057038 0.0242941 0.106194 0.238403
0 0.670589 0.0239227 0.0279427 0.0478455 0.230532
0 0.156224 0.941887 0.031215 0.109391 0.230181
0 0.387554 0.802782 0.0502215 0.183851 0.218581
0 0.0127388 0.791361 0.0254775 0.136057 0.180124
0 0.626495 0.227206 0.0255381 0.0891676 0.174087
0 0.168751 0.794365 0.0392714 0.118441 0.170471
0 0.802713 0.574402 0.0220309 0.0924503 0.158704
0 0.897512 0.798136 0.0253269 0.117107 0.155321
0 0.18686 0.880462 0.0335847 0.0971121 0.147387
0 0.0787647 0.887278 0.039862 0.0971493 0.145351
0 0.751613 0.698164 0.0343854 0.153801 0.129391
0 0.451974 0.964572 0.0348944 0.0708552 0.123223
0 0.459874 0.958439 0.0509191 0.0831228 0.12026
0 0.0191398 0.790869 0.0382796 0.136536 0.119691
0 0.108889 0.982555 0.0258589 0.0348906 0.118227
0 0.477479 0.983261 0.0204045 0.0334786 0.111996
