0 0.554036 0.958897 0.0389387 0.0817295 0.504212
0 0.38703 0.959283 0.0501539 0.0814345 0.472503
0 0.373306 0.0457567 0.0232955 0.0915134 0.3732
0 0.916606 0.76523 0.031852 0.0941292 0.302632
0 0.151889 0.802531 0.0342484 0.0976494 0.28741
0 0.0396887 0.78838 0.0412342 0.108268 0.229928
0 0.0850555 0.940463 0.036868 0.117003 0.205042
0 0.184312 0.504915 0.0234262 0.091599 0.201322
0 0.989069 0.732427 0.021219 0.238675 0.20005
0 0.453221 0.868764 0.0235225 0.0895496 0.194528
0 0.466418 0.0380419 0.0216828 0.0760838 0.185117
0 0.772185 0.706289 0.0290976 0.123825 0.172267
9 0.259645 0.0256601 0.0240612 0.0513203 0.16762
0 0.314231 0.250878 0.0395355 0.158658 0.158236
0 0.610034 0.798171 0.0255054 0.0798899 0.155187
0 0.694552 0.971566 0.036715 0.056867 0.139899
0 0.385274 0.844998 0.0215317 0.0883877 0.131505
0 0.0932959 0.60426 0.0309998 0.151684 0.131469
0 0.18915 0.901425 0.0659714 0.135984 0.128428
0 0.774627 0.932464 0.0370089 0.126704 0.127249
0 0.486976 0.913782 0.0401426 0.0946428 0.126721
0 0.915576 0.782266 0.0347031 0.129306 0.124977
0 0.390694 0.252067 0.0206809 0.0871145 0.119196
0 0.728305 0.209873 0.0302236 0.0914007 0.114238
0 0.771348 0.72281 0.0254353 0.0896915 0.113913
31 0.181814 0.952463 0.0504016 0.0364152 0.112134
0 0.0952608 0.633405 0.027866 0.0949814 0.112134
0 0.352196 0.381002 0.0270185 0.138853 0.110815
0 0.389557 0.260615 0.0248583 0.103559 0.10872
0 0.152446 0.782753 0.0352999 0.127897 0.106972
0 0.382855 0.295776 0.0367155 0.099001 0.106503
0 0.671013 0.505041 0.0261278 0.118565 0.105882
0 0.12837 0.326639 0.0236127 0.099913 0.105506
0 0.178904 0.920552 0.0417937 0.0923745 0.103313
0 0.879686 0.497897 0.0310562 0.0952314 0.102961
0 0.151908 0.697422 0.0405303 0.132581 0.100944
