0 0.407568 0.962062 0.0367158 0.0758759 0.542506
0 0.253445 0.860858 0.0268916 0.104219 0.498064
0 0.864253 0.950095 0.0397579 0.0970592 0.483201
0 0.703256 0.847277 0.0232209 0.0994753 0.471501
0 0.511617 0.301463 0.0235378 0.099532 0.468939
0 0.522329 0.0735638 0.0401056 0.121596 0.417908
0 0.250196 0.153499 0.0307738 0.107283 0.41198
0 0.651109 0.672766 0.0248498 0.0997858 0.400517
0 0.03121 0.902034 0.0328607 0.104414 0.398687
0 0.0294163 0.882045 0.0359157 0.13743 0.357657
0 0.608257 0.874322 0.0370156 0.105078 0.334107
0 0.134968 0.634664 0.033323 0.107723 0.310465
0 0.165798 0.254118 0.0257933 0.0977755 0.307424
0 0.606659 0.858761 0.0311461 0.0740854 0.307001
0 0.3398 0.383972 0.0289635 0.102758 0.298491
0 0.598791 0.279759 0.0291675 0.115601 0.278824
0 0.292665 0.315349 0.034869 0.114929 0.259714
0 0.24067 0.272229 0.0229153 0.0933143 0.25879
0 0.727852 0.937702 0.0270727 0.0805145 0.256609
0 0.771502 0.19214 0.026544 0.0889983 0.239527
0 0.367927 0.115739 0.0290331 0.09937 0.234712
0 0.14065 0.918314 0.0530075 0.162204 0.226103
0 0.157739 0.845209 0.0363935 0.0769232 0.223555
0 0.813435 0.110215 0.0286989 0.0961314 0.215235
0 0.153832 0.960284 0.0323541 0.0794322 0.215198
0 0.348864 0.189753 0.0298275 0.0838494 0.208302
0 0.294333 0.299902 0.031164 0.0837272 0.20121
0 0.641685 0.22268 0.0208637 0.0939597 0.200246
0 0.289555 0.771285 0.0361802 0.103767 0.192658
0 0.32076 0.479673 0.0313558 0.107742 0.17809
0 0.13269 0.893969 0.0368196 0.109101 0.17532
0 0.922175 0.27093 0.029485 0.105784 0.172665
0 0.728863 0.482042 0.0250419 0.129124 0.171136
0 0.989783 0.835151 0.0199392 0.107666 0.170392
0 0.958522 0.759891 0.0380245 0.117198 0.166931
0 0.130592 0.884107 0.0313309 0.0907844 0.15967
0 0.0987669 0.175755 0.0239439 0.0731443 0.158771
0 0.556872 0.626124 0.0326511 0.120881 0.15274
0 0.379313 0.304115 0.0224691 0.0811477 0.137249
0 0.857201 0.193223 0.0281527 0.0987002 0.136574
0 0.552602 0.325518 0.0218128 0.0925173 0.134583
0 0.201579 0.0841863 0.0479441 0.0838804 0.132772
0 0.727532 0.180118 0.0319567 0.129421 0.131422
0 0.707029 0.849728 0.0176826 0.0988463 0.131245
0 0.359507 0.834077 0.033455 0.0876499 0.127437
0 0.0194643 0.84463 0.0235622 0.063506 0.119049
0 0.688157 0.777119 0.0296846 0.10225 0.117182
0 0.364787 0.383728 0.0242178 0.0960192 0.110443
0 0.986783 0.335572 0.0257195 0.0951206 0.110388
0 0.681688 0.361074 0.0358178 0.102391 0.108226
0 0.729389 0.902206 0.0324714 0.155109 0.107817
0 0.730997 0.888122 0.0400268 0.163492 0.107639
