0 0.177814 0.920486 0.0375612 0.0877458 0.574711
0 0.232645 0.783755 0.041421 0.123808 0.446394
0 0.353631 0.128253 0.0269781 0.11382 0.436102
0 0.462405 0.964032 0.0271446 0.071935 0.406955
0 0.0176584 0.211501 0.0343859 0.104523 0.389914
0 0.683317 0.971673 0.0310313 0.0566546 0.383253
0 0.103663 0.972312 0.0392416 0.0553759 0.369193
0 0.161901 0.0466349 0.0389842 0.0917283 0.35752
0 0.915865 0.740404 0.0487686 0.225291 0.333262
0 0.175185 0.916019 0.0290615 0.0807257 0.32762
0 0.611969 0.725136 0.0300816 0.1089 0.285308
0 0.0419251 0.978298 0.0336211 0.0434043 0.266018
0 0.407743 0.784464 0.027748 0.113215 0.26341
0 0.768648 0.791567 0.0272856 0.0898149 0.229229
0 0.259318 0.201885 0.0337777 0.108172 0.225841
0 0.643762 0.213231 0.0354622 0.0912418 0.208643
0 0.864713 0.409423 0.0279797 0.116491 0.194334
0 0.125784 0.802612 0.0334273 0.0877509 0.182081
0 0.177153 0.21217 0.0384778 0.0959941 0.177794
0 0.622287 0.95668 0.0295349 0.08664 0.166863
0 0.170816 0.209491 0.0274439 0.0926641 0.164876
0 0.286895 0.866571 0.0330932 0.127308 0.149212
0 0.0294218 0.40085 0.027207 0.104964 0.148036
0 0.792097 0.790419 0.0284612 0.103393 0.13278
0 0.38865 0.278138 0.0271779 0.0989163 0.126041
0 0.376176 0.198483 0.0228378 0.0682462 0.123827
0 0.429696 0.860411 0.028367 0.10239 0.123374
0 0.357079 0.358122 0.0228212 0.0992547 0.106233
0 0.267053 0.932913 0.0311674 0.106646 0.105488
0 0.330917 0.798446 0.0287578 0.0900817 0.102972
