0 0.389086 0.961369 0.0456802 0.077262 0.546645
0 0.151033 0.791459 0.0377678 0.115886 0.48882
0 0.555469 0.959053 0.0367045 0.0817035 0.47675
0 0.374375 0.0456311 0.0240504 0.0912623 0.40841
0 0.773611 0.70689 0.0304084 0.127298 0.334872
0 0.081421 0.940364 0.034769 0.119272 0.306693
0 0.612363 0.802405 0.0254658 0.0805981 0.289584
0 0.456949 0.863793 0.0257001 0.0786946 0.284694
0 0.463816 0.0366143 0.0235333 0.0732285 0.27271
0 0.989945 0.730624 0.01946 0.237413 0.263763
9 0.253942 0.0257377 0.0316695 0.0506374 0.240398
0 0.180594 0.919399 0.0496056 0.0992301 0.236079
0 0.77487 0.933642 0.0338988 0.121443 0.220415
0 0.0367369 0.786633 0.0374281 0.107937 0.211183
0 0.645885 0.902924 0.0250431 0.0572453 0.186582
0 0.933018 0.403485 0.0342712 0.12398 0.18026
0 0.768207 0.976938 0.0232207 0.0461247 0.176266
0 0.1848 0.507558 0.0251087 0.0973067 0.172309
0 0.750868 0.942112 0.0287253 0.0949135 0.172179
0 0.916579 0.76473 0.0297507 0.0923383 0.171933
0 0.390395 0.848973 0.0291437 0.0986058 0.167089
0 0.916467 0.781554 0.0338278 0.126837 0.163949
31 0.18109 0.955186 0.0496172 0.0326821 0.151892
0 0.694627 0.973851 0.0355121 0.0522988 0.151715
0 0.591194 0.86687 0.0346344 0.109565 0.150741
0 0.311322 0.247837 0.035653 0.15626 0.141552
0 0.383397 0.276854 0.0377028 0.134393 0.140306
0 0.1035 0.219291 0.0356357 0.103193 0.136064
0 0.0759146 0.97852 0.0241477 0.0429596 0.128938
0 0.388067 0.264155 0.0266674 0.109406 0.128285
0 0.43338 0.269064 0.0181048 0.0720005 0.125527
0 0.277583 0.647317 0.0332564 0.11452 0.124802
30 0.375181 0.604942 0.0698803 0.445646 0.124229
0 0.645271 0.91791 0.0315686 0.0908698 0.122496
30 0.427911 0.57772 0.0797407 0.533748 0.120572
0 0.249956 0.784807 0.034177 0.107088 0.117481
0 0.352843 0.390463 0.0278398 0.131031 0.115218
0 0.188618 0.901953 0.0671023 0.13599 0.11353
0 0.124993 0.3382 0.029247 0.122474 0.112045
0 0.376451 0.293092 0.0253363 0.104665 0.105059
0 0.882081 0.499585 0.0312325 0.101703 0.104102
0 0.388254 0.249869 0.0214741 0.081036 0.102116
0 0.00660988 0.687811 0.0132198 0.205 0.100945
