0 0.755805 0.196487 0.0295423 0.0874678 0.547494
0 0.0502861 0.943941 0.0428157 0.112118 0.510479
9 0.220516 0.0283694 0.0351694 0.0548652 0.464876
0 0.636571 0.807583 0.0267279 0.0939916 0.352574
0 0.926324 0.777205 0.0312019 0.116373 0.346503
0 0.797624 0.970112 0.0311291 0.0597758 0.329563
0 0.143674 0.920782 0.0430528 0.100511 0.28408
30 0.171674 0.671157 0.064277 0.345624 0.26406
0 0.476799 0.351623 0.0316159 0.0933851 0.240225
0 0.582498 0.911239 0.0319056 0.11997 0.235758
0 0.960033 0.0793097 0.024826 0.0882848 0.22156
0 0.159009 0.501329 0.0246412 0.0953696 0.209559
0 0.0568648 0.0473703 0.0306463 0.0860836 0.204124
0 0.533696 0.83298 0.0352207 0.175673 0.186871
0 0.420828 0.852081 0.0207704 0.0761568 0.186489
0 0.972684 0.565045 0.0239 0.0903879 0.180466
0 0.767949 0.957409 0.0298384 0.0851816 0.176022
0 0.410656 0.965348 0.0448279 0.0693044 0.170232
0 0.795603 0.715421 0.0287277 0.142549 0.157745
0 0.385202 0.35136 0.0374773 0.0912452 0.157496
0 0.95761 0.398901 0.036784 0.12392 0.153669
31 0.145036 0.959381 0.0456521 0.0308497 0.149502
0 0.0780014 0.219556 0.0316041 0.0944447 0.148558
31 0.138791 0.957682 0.0340594 0.0296832 0.145375
0 0.580834 0.891391 0.0278712 0.0788529 0.139164
0 0.0168856 0.786886 0.033634 0.112941 0.138941
0 0.838415 0.581209 0.0456721 0.0972916 0.137069
0 0.0110802 0.786017 0.0221604 0.110602 0.136821
0 0.9031 0.505924 0.0281281 0.0990463 0.135288
0 0.482221 0.868425 0.0220676 0.08371 0.133988
0 0.585834 0.924492 0.0388834 0.141078 0.133482
0 0.932408 0.77952 0.0398014 0.124797 0.12993
0 0.22458 0.784914 0.0253009 0.0914694 0.126644
30 0.158742 0.651159 0.0564576 0.358509 0.126603
30 0.212602 0.699993 0.0414115 0.269204 0.121896
0 0.10062 0.325424 0.0223146 0.0749063 0.121861
0 0.439295 0.0403102 0.018976 0.0806204 0.120034
0 0.124522 0.80049 0.0315972 0.0852263 0.115849
0 0.666567 0.394418 0.0297961 0.0952312 0.114051
30 0.144225 0.959754 0.045204 0.0387329 0.113657
0 0.587023 0.961766 0.0393097 0.0753164 0.106942
0 0.533443 0.806649 0.0349846 0.117182 0.102853
0 0.16278 0.885428 0.050792 0.102009 0.102069
0 0.0399936 0.348815 0.042837 0.13125 0.102041
0 0.408834 0.957252 0.0380545 0.0741627 0.101687
0 0.0584688 0.608534 0.0422034 0.164456 0.100157
