0 0.809748 0.174564 0.0299276 0.0875583 0.38965
0 0.0729613 0.926809 0.0395837 0.10236 0.337762
0 0.633492 0.960169 0.0343487 0.0796627 0.316493
30 0.308643 0.553052 0.0981541 0.545062 0.312813
30 0.323593 0.560118 0.0812509 0.541366 0.298871
30 0.292846 0.552306 0.0709986 0.529978 0.278953
0 0.0822379 0.834664 0.0701793 0.154092 0.265559
0 0.845472 0.969921 0.0272795 0.0601578 0.262368
0 0.466926 0.95828 0.040538 0.0788262 0.25972
0 0.540584 0.862487 0.0234069 0.0867475 0.251607
30 0.260984 0.567227 0.0814354 0.516871 0.244497
0 0.0117052 0.318946 0.0234105 0.11982 0.243874
30 0.210062 0.560813 0.0832794 0.537911 0.242952
0 0.960932 0.783758 0.0271023 0.111568 0.242856
0 0.485907 0.864118 0.0208907 0.0795303 0.233348
0 0.378217 0.888763 0.0301199 0.0823946 0.228093
0 0.0472571 0.335757 0.0299152 0.0865391 0.223332
30 0.206331 0.485904 0.0763864 0.386551 0.222432
30 0.280336 0.558456 0.0636579 0.541232 0.221775
0 0.0232907 0.207708 0.0286715 0.10056 0.219117
0 0.0640594 0.74151 0.0516533 0.203105 0.217373
30 0.243437 0.570947 0.10516 0.524188 0.210973
0 0.0653342 0.710394 0.0510239 0.165282 0.186642
0 0.49435 0.862727 0.0377092 0.0787993 0.185683
0 0.301133 0.265484 0.0178987 0.0873283 0.18503
0 0.943755 0.527047 0.0346992 0.11475 0.176053
0 0.695954 0.810774 0.0291846 0.0954098 0.173453
30 0.225199 0.56635 0.0801314 0.514454 0.167074
30 0.357063 0.57374 0.115223 0.502611 0.163995
0 0.593363 0.883013 0.0242201 0.0908717 0.163363
0 0.0672519 0.807575 0.0410798 0.104243 0.163334
30 0.396772 0.971171 0.0312353 0.0576582 0.163146
0 0.787832 0.473543 0.0343601 0.206372 0.157365
30 0.157679 0.470706 0.0726437 0.355123 0.15558
0 0.168215 0.693215 0.0558277 0.266749 0.15448
0 0.055455 0.727662 0.0706205 0.228831 0.152103
0 0.232962 0.248001 0.0312272 0.158097 0.138232
30 0.256106 0.589524 0.0640813 0.437646 0.136363
0 0.741073 0.502434 0.0306283 0.128356 0.132955
0 0.125932 0.278507 0.0303124 0.0982931 0.128984
0 0.386107 0.0453802 0.0195092 0.0835701 0.127487
30 0.303858 0.535067 0.0707045 0.490096 0.120498
0 0.291279 0.291724 0.0277992 0.130954 0.119844
0 0.380194 0.895379 0.0391461 0.0976203 0.11886
0 0.633835 0.775889 0.0388482 0.172071 0.118479
0 0.771102 0.958741 0.0296638 0.0789646 0.115428
0 0.0140673 0.660838 0.028125 0.146718 0.114547
0 0.28967 0.302694 0.0237915 0.106025 0.114408
0 0.108551 0.200764 0.0295054 0.0845252 0.110628
0 0.83317 0.745194 0.0406639 0.180749 0.109933
0 0.0861429 0.128176 0.0245065 0.0716599 0.10631
30 0.432139 0.560834 0.0685453 0.536048 0.105637
0 0.126951 0.300649 0.0356864 0.133143 0.104707
0 0.172539 0.706053 0.044766 0.224071 0.103453
0 0.837194 0.71093 0.0337804 0.11876 0.10295
0 0.00785831 0.312535 0.0156725 0.11149 0.102728
