0 0.946499 0.551261 0.045766 0.128382 0.508606
0 0.70511 0.249082 0.0417467 0.137432 0.41874
0 0.452304 0.974073 0.0247363 0.0518538 0.385608
0 0.846387 0.628742 0.0246058 0.0966929 0.355277
0 0.598876 0.884272 0.0395943 0.100746 0.339744
0 0.62591 0.629618 0.0230409 0.0943559 0.317385
0 0.783153 0.902135 0.0459617 0.192736 0.306906
0 0.485959 0.827461 0.0329508 0.12483 0.277281
0 0.0946227 0.885157 0.036584 0.0936018 0.24218
0 0.663408 0.402263 0.0287919 0.158149 0.238899
0 0.781823 0.865988 0.0418404 0.116306 0.227363
0 0.168213 0.871676 0.0386568 0.105531 0.211625
0 0.188074 0.823461 0.0303737 0.0853786 0.207345
0 0.258276 0.897089 0.0260441 0.103137 0.20245
0 0.823714 0.473765 0.0406918 0.0961192 0.17983
0 0.374928 0.973732 0.053975 0.0525366 0.178815
0 0.222846 0.25779 0.0501234 0.135314 0.165831
0 0.144484 0.94127 0.0435112 0.102836 0.147046
33 0.73478 0.0168607 0.0238792 0.0337214 0.138713
0 0.788403 0.960004 0.028058 0.0799929 0.127962
0 0.686453 0.525023 0.0237468 0.0932763 0.127339
0 0.209568 0.979873 0.0308139 0.0402533 0.122776
0 0.0756238 0.784046 0.0292612 0.148488 0.121273
30 0.664053 0.401491 0.0287496 0.166379 0.12082
0 0.285123 0.320132 0.0261424 0.10102 0.119063
0 0.251242 0.779904 0.0283139 0.121324 0.116474
0 0.565933 0.949487 0.0411837 0.0984668 0.113403
0 0.0761934 0.760094 0.0280768 0.100851 0.111124
0 0.467181 0.191575 0.0307795 0.102136 0.111079
0 0.557014 0.608017 0.045774 0.146428 0.100587
0 0.48788 0.816683 0.0401909 0.155916 0.100387
