0 0.711487 0.931296 0.0247435 0.0972302 0.525704
0 0.170969 0.248322 0.0436064 0.128694 0.445431
0 0.843633 0.91431 0.0413326 0.158091 0.404831
0 0.695023 0.292277 0.016675 0.0652599 0.365054
0 0.524549 0.853988 0.0342421 0.0956661 0.35986
0 0.843856 0.893706 0.040038 0.112886 0.345265
0 0.386052 0.964863 0.0319448 0.0702744 0.315623
0 0.75414 0.742075 0.0308367 0.0928019 0.31444
0 0.461665 0.885311 0.0325794 0.0766745 0.307042
0 0.122038 0.816764 0.028993 0.084896 0.297253
0 0.897746 0.786825 0.0216836 0.0876169 0.261591
0 0.234965 0.873753 0.037704 0.10686 0.254584
0 0.460037 0.222044 0.0261015 0.0843296 0.242487
0 0.189549 0.789473 0.0308096 0.100239 0.234037
0 0.712194 0.424348 0.0251147 0.112817 0.232556
0 0.227244 0.975623 0.0264667 0.0487545 0.229103
0 0.268883 0.97425 0.0271071 0.0514991 0.216961
0 0.16428 0.8827 0.0361798 0.0840862 0.214754
0 0.645794 0.252595 0.0418417 0.141975 0.208689
0 0.605557 0.793933 0.0186491 0.102644 0.204563
0 0.734118 0.520347 0.0266458 0.0863723 0.200974
0 0.0764265 0.877411 0.0518167 0.109353 0.173311
0 0.339621 0.0623483 0.0387121 0.10177 0.169059
0 0.0526256 0.243583 0.0369895 0.103659 0.152084
0 0.655655 0.438428 0.0261216 0.0939594 0.141607
0 0.897408 0.800483 0.02495 0.115532 0.137225
0 0.152885 0.960813 0.0298872 0.0731185 0.136707
0 0.337127 0.839007 0.0474717 0.110139 0.123348
0 0.419969 0.827629 0.0346834 0.10908 0.112241
0 0.337545 0.056289 0.0303261 0.0882374 0.106479
0 0.15272 0.947581 0.0311224 0.0837908 0.102283
0 0.576765 0.449769 0.0364922 0.0936304 0.101373
