33 0.518132 0.0372819 0.0210056 0.0745638 0.4239
0 0.898143 0.77147 0.025991 0.088093 0.392236
0 0.702813 0.973947 0.0283976 0.0521058 0.375003
0 0.0822295 0.974314 0.0396051 0.0513718 0.364558
0 0.316238 0.959273 0.0379509 0.0812029 0.335347
0 0.612435 0.770461 0.0287857 0.133629 0.320595
0 0.107081 0.798669 0.0370576 0.0931243 0.29468
0 0.942124 0.694251 0.0310207 0.0933677 0.275718
0 0.155345 0.913887 0.0316945 0.0751912 0.275526
0 0.638601 0.956933 0.0412157 0.085008 0.271389
0 0.487515 0.963812 0.0356894 0.0723763 0.269885
0 0.766375 0.833395 0.0292738 0.101263 0.259554
0 0.153812 0.918834 0.0409555 0.084493 0.254479
0 0.666874 0.214381 0.0247264 0.0926937 0.234067
0 0.551458 0.790134 0.0248912 0.101609 0.22472
0 0.940402 0.679784 0.0319295 0.12246 0.22227
0 0.0167747 0.792481 0.0328905 0.166219 0.208587
0 0.211788 0.783529 0.0313099 0.121732 0.179639
0 0.788614 0.824754 0.0265909 0.113466 0.178802
0 0.828737 0.484659 0.0272522 0.102392 0.164179
0 0.394309 0.831616 0.038727 0.139287 0.163182
0 0.053083 0.642193 0.0338435 0.119773 0.148956
0 0.452638 0.868461 0.0385443 0.107783 0.147256
0 0.279704 0.380988 0.0201107 0.0923723 0.141002
9 0.320531 0.0214273 0.0343154 0.0421305 0.139088
0 0.390199 0.846294 0.0300624 0.112556 0.13888
0 0.441043 0.290239 0.0297634 0.0980435 0.138331
0 0.35762 0.105162 0.0235686 0.0965913 0.13188
0 0.345427 0.626947 0.0261377 0.0938094 0.124478
0 0.639089 0.975206 0.040588 0.0491011 0.119478
0 0.394558 0.783686 0.0392056 0.121524 0.119034
0 0.585993 0.419131 0.0232748 0.0729886 0.117739
0 0.897196 0.786936 0.0286878 0.122054 0.115239
0 0.139361 0.0460587 0.0273678 0.0887726 0.111209
0 0.64313 0.954927 0.0277992 0.0819144 0.110785
