0 0.149902 0.963624 0.0335751 0.0727525 0.593648
0 0.908572 0.935474 0.0389201 0.0944277 0.547802
0 0.669509 0.838246 0.0214669 0.0969764 0.545927
0 0.279855 0.2669 0.0234587 0.0986891 0.507134
0 0.18542 0.196006 0.0240118 0.0945113 0.506567
0 0.245808 0.916719 0.0273561 0.099884 0.487616
0 0.768548 0.963681 0.0318697 0.0726378 0.472227
3 0.554788 0.0878041 0.0384488 0.0849257 0.456704
0 0.555404 0.0554163 0.0379433 0.100039 0.424874
30 0.445312 0.598779 0.0947013 0.561388 0.411894
30 0.345316 0.575777 0.0620221 0.433674 0.335373
0 0.16627 0.881716 0.0256391 0.0906419 0.334926
0 0.40196 0.0967353 0.0180863 0.0993837 0.326886
0 0.272016 0.114832 0.0281446 0.108315 0.324476
0 0.705284 0.832011 0.0271676 0.0852332 0.320045
0 0.677714 0.215641 0.0192637 0.0921259 0.318842
30 0.273574 0.630734 0.0597339 0.36049 0.317696
0 0.548473 0.286105 0.0323037 0.10079 0.307379
0 0.38045 0.959588 0.0416835 0.0808245 0.297068
0 0.852013 0.11557 0.0273645 0.0960588 0.294501
0 0.983784 0.781317 0.031797 0.0938811 0.290205
30 0.456012 0.605086 0.059302 0.541066 0.282912
0 0.099963 0.182306 0.0246995 0.0857278 0.276892
0 0.315678 0.289828 0.0174217 0.0551066 0.26765
0 0.639662 0.880258 0.026496 0.0683138 0.26641
0 0.715491 0.0452581 0.0195742 0.0905162 0.264894
0 0.630366 0.301067 0.0301112 0.107285 0.263122
0 0.232981 0.0372053 0.0190098 0.0656271 0.254506
30 0.393377 0.537353 0.0730634 0.367385 0.251934
0 0.758094 0.159791 0.0294746 0.109656 0.245639
0 0.892375 0.191756 0.031327 0.0992941 0.235814
0 0.0982791 0.168649 0.0216612 0.0589603 0.223724
0 0.796541 0.721413 0.0376209 0.085094 0.21928
0 0.844947 0.727774 0.0426235 0.136978 0.214697
0 0.701043 0.494647 0.0247611 0.0966422 0.206884
0 0.261212 0.360766 0.0290974 0.0923158 0.206703
0 0.190305 0.841577 0.0271603 0.0844411 0.202202
30 0.0856266 0.931706 0.046614 0.0258127 0.199549
0 0.585374 0.322654 0.0200749 0.0857498 0.198732
30 0.331655 0.556354 0.0673749 0.427195 0.196248
30 0.35614 0.630357 0.0688863 0.504962 0.195692
30 0.308508 0.588151 0.0741095 0.459951 0.195466
0 0.708774 0.235072 0.0287721 0.090536 0.192556
30 0.47721 0.598872 0.0792044 0.561777 0.186464
30 0.311516 0.549939 0.0593194 0.43841 0.185012
0 0.960788 0.250672 0.0296025 0.0939626 0.170222
0 0.915217 0.613399 0.0340221 0.179993 0.169716
0 0.775635 0.962691 0.0190498 0.0746179 0.164746
0 0.914701 0.578375 0.0303155 0.114787 0.164553
30 0.40747 0.609837 0.0504289 0.508954 0.161731
0 0.630916 0.278244 0.0285517 0.133548 0.16035
0 0.932232 0.695715 0.0409151 0.169613 0.144104
0 0.402069 0.319609 0.0319227 0.110356 0.13974
0 0.9651 0.738508 0.024838 0.0898504 0.137136
30 0.222414 0.658365 0.073478 0.432565 0.134754
0 0.662458 0.599512 0.0293078 0.105336 0.133851
0 0.360545 0.407813 0.0238629 0.120591 0.132809
0 0.315609 0.176027 0.0207233 0.0557347 0.130331
0 0.632776 0.242333 0.0243433 0.064841 0.128904
0 0.161536 0.276634 0.0241025 0.0521187 0.127176
0 0.161243 0.287355 0.0241724 0.0732045 0.125052
0 0.682973 0.669795 0.0248598 0.105882 0.124338
0 0.41009 0.583911 0.0337994 0.0886866 0.113728
30 0.409323 0.692949 0.0492644 0.372459 0.110812
0 0.317118 0.186995 0.0231672 0.0754942 0.109778
30 0.380222 0.625235 0.0969777 0.516136 0.107842
0 0.938801 0.652814 0.028535 0.0862795 0.106751
0 0.632181 0.258675 0.0269394 0.0970903 0.10509
0 0.381322 0.396333 0.0226045 0.096868 0.105066
0 0.640474 0.892947 0.0427521 0.0876978 0.103437
0 0.404615 0.303166 0.0240667 0.0784957 0.103404
