0 0.72785 0.806439 0.0290289 0.0887834 0.487408
0 0.861554 0.968132 0.0379854 0.0637358 0.484263
0 0.979694 0.790642 0.0309791 0.105074 0.469327
0 0.662243 0.965579 0.0330953 0.0688416 0.445399
0 0.215034 0.767068 0.0321041 0.13162 0.401778
0 0.569005 0.843369 0.0240366 0.0662151 0.393631
0 0.360195 0.0487371 0.0267087 0.0803753 0.389508
0 0.0348054 0.925793 0.036197 0.10025 0.348339
0 0.0493355 0.832129 0.0662127 0.157869 0.328618
0 0.799679 0.96432 0.0250509 0.0711733 0.314167
0 0.498366 0.96245 0.0392792 0.0750996 0.308721
0 0.338181 0.888428 0.0530882 0.100842 0.294126
0 0.763267 0.93785 0.0268536 0.0864487 0.281155
0 0.254009 0.756587 0.0256446 0.0835337 0.235897
0 0.625415 0.88347 0.0274814 0.0897521 0.226507
0 0.254538 0.772976 0.0291759 0.11513 0.218277
0 0.688536 0.66104 0.0211792 0.0919127 0.181249
0 0.337581 0.904091 0.0524635 0.0703932 0.170475
0 0.049209 0.858943 0.0686182 0.136984 0.154741
0 0.83858 0.169329 0.0297913 0.0902488 0.152111
0 0.659882 0.752346 0.0299914 0.114513 0.138718
0 0.571003 0.848661 0.0319139 0.0798163 0.127929
0 0.519251 0.867756 0.0195208 0.0712318 0.127263
0 0.519767 0.85725 0.0183728 0.0520595 0.115964
0 0.336435 0.875906 0.0392916 0.0788122 0.114074
0 0.861896 0.710099 0.0253506 0.107369 0.102956
0 0.218415 0.789942 0.0280098 0.0878768 0.1025
