0 0.152008 0.959857 0.0419607 0.0802852 0.569323
0 0.814136 0.442177 0.0223671 0.113179 0.430711
0 0.659604 0.958979 0.0393843 0.0820413 0.392714
0 0.865554 0.809763 0.033731 0.132176 0.37947
0 0.739135 0.80542 0.030528 0.146029 0.37748
0 0.513352 0.859152 0.0257404 0.0999361 0.360933
0 0.459208 0.452785 0.0295839 0.122088 0.358571
0 0.319475 0.316474 0.0208568 0.0919806 0.355716
0 0.188985 0.172489 0.0259551 0.102477 0.343679
0 0.897735 0.625998 0.0339806 0.102463 0.335826
0 0.193449 0.88416 0.0368333 0.142444 0.306261
0 0.956564 0.217509 0.0349222 0.121071 0.295227
0 0.247009 0.332005 0.0327786 0.143257 0.263965
0 0.475782 0.332616 0.0236119 0.083879 0.250573
0 0.0613561 0.324014 0.0286774 0.0971524 0.238922
0 0.903565 0.964139 0.0278508 0.071722 0.226954
0 0.0866302 0.450526 0.0339041 0.0869714 0.217584
0 0.336017 0.255244 0.0237042 0.111958 0.209905
0 0.215216 0.440498 0.036218 0.136642 0.19476
0 0.367399 0.255365 0.0221901 0.0989472 0.191203
0 0.133996 0.261314 0.0372848 0.0773118 0.185
0 0.623906 0.233264 0.031333 0.0819415 0.175619
0 0.945661 0.711307 0.0280739 0.108497 0.167633
0 0.0206472 0.980334 0.0265279 0.0393322 0.155386
0 0.6749 0.286301 0.0275656 0.08594 0.149372
0 0.416338 0.243139 0.0235642 0.110583 0.145068
0 0.677214 0.278834 0.0208313 0.074658 0.14226
0 0.592317 0.179 0.0265497 0.0954614 0.130153
0 0.524368 0.211637 0.0299652 0.0907684 0.124072
30 0.938341 0.543369 0.0323769 0.436542 0.119284
0 0.446184 0.294563 0.0478186 0.0880241 0.117992
0 0.757244 0.545899 0.0234375 0.0913296 0.11785
0 0.386269 0.238665 0.0218218 0.0976032 0.115451
0 0.176696 0.350111 0.0288929 0.122528 0.10898
30 0.918675 0.531064 0.0786915 0.436627 0.102158
0 0.143142 0.713348 0.0186446 0.0780461 0.100626
