0 0.883818 0.961181 0.045562 0.0776376 0.586473
0 0.876591 0.811235 0.0381138 0.123684 0.557652
0 0.73063 0.804342 0.0381273 0.143977 0.425529
0 0.150389 0.961331 0.0402827 0.077339 0.411011
0 0.420723 0.860981 0.0429143 0.0879012 0.378292
0 0.646989 0.95898 0.0435203 0.0820403 0.344498
0 0.929789 0.715562 0.0373157 0.101357 0.225205
0 0.748089 0.231451 0.0262087 0.104863 0.208917
0 0.434438 0.289704 0.0386969 0.10044 0.205838
0 0.337256 0.239278 0.0245992 0.100693 0.19468
30 0.51232 0.619248 0.0556995 0.567291 0.191803
0 0.614112 0.240958 0.0260857 0.0908912 0.191193
0 0.623837 0.0408503 0.0337274 0.0811663 0.190999
30 0.428132 0.500599 0.0624946 0.397841 0.185154
30 0.496149 0.551369 0.0495492 0.432628 0.182736
0 0.888251 0.621322 0.0241499 0.10015 0.160297
0 0.58391 0.181147 0.0249865 0.0993925 0.154927
30 0.435288 0.5758 0.0748492 0.546347 0.153893
0 0.668037 0.0407525 0.0195587 0.0815051 0.151876
0 0.623243 0.073987 0.0339216 0.144822 0.144943
0 0.623342 0.102742 0.0319168 0.0904001 0.134769
0 0.685673 0.187534 0.0300425 0.10093 0.126987
30 0.451468 0.616275 0.0536455 0.510316 0.126109
30 0.363193 0.538725 0.0900259 0.451746 0.125765
0 0.824226 0.451092 0.0317829 0.115212 0.125481
0 0.666649 0.281635 0.022497 0.0716781 0.12375
30 0.128177 0.714776 0.0878437 0.319405 0.116018
0 0.147084 0.267157 0.0306096 0.0989455 0.114838
30 0.0380293 0.498179 0.0760585 0.345924 0.111733
0 0.175393 0.182569 0.0342717 0.0886696 0.109757
0 0.936467 0.715768 0.0230854 0.100865 0.107682
0 0.694617 0.589993 0.0236264 0.093523 0.107642
30 0.045914 0.904174 0.0396067 0.0849774 0.106462
0 0.699589 0.947616 0.0493609 0.103463 0.104801
30 0.285534 0.48817 0.0704366 0.346979 0.1031
