0 0.808377 0.173436 0.0285058 0.0873915 0.479002
0 0.0254679 0.207319 0.0281872 0.0984607 0.363611
0 0.960245 0.781864 0.0284081 0.11298 0.346752
0 0.631178 0.96032 0.0359541 0.0793601 0.333675
30 0.321665 0.55431 0.0853582 0.531369 0.32474
0 0.464514 0.957813 0.0400275 0.0805674 0.319806
0 0.380839 0.883788 0.0289826 0.0703411 0.309436
0 0.00938188 0.311875 0.0187638 0.12686 0.301265
30 0.261137 0.556944 0.0758827 0.526185 0.301024
0 0.840568 0.96964 0.0331487 0.060721 0.28601
30 0.213095 0.565947 0.0865847 0.53051 0.271628
0 0.834726 0.711504 0.036231 0.119358 0.263471
0 0.482644 0.861839 0.0198248 0.0824467 0.254101
30 0.252446 0.556064 0.114589 0.540127 0.247886
30 0.209465 0.464897 0.0816648 0.335276 0.246171
30 0.157511 0.473145 0.0712527 0.356908 0.235862
0 0.590248 0.886229 0.0270127 0.0989834 0.232513
30 0.283744 0.552437 0.0782267 0.520911 0.223612
0 0.38181 0.895805 0.0347661 0.0941744 0.220431
0 0.538259 0.862826 0.0257368 0.0830181 0.220354
0 0.0689141 0.806337 0.0440118 0.101658 0.208056
0 0.693432 0.808409 0.0296377 0.0903791 0.203115
30 0.397002 0.971717 0.0307974 0.056566 0.192522
30 0.362032 0.549389 0.11086 0.435702 0.167072
30 0.383324 0.531155 0.0670576 0.373401 0.154549
0 0.388223 0.0446512 0.0207272 0.0876107 0.151774
0 0.0708216 0.697509 0.0450892 0.155782 0.147694
0 0.155053 0.0343181 0.0375644 0.0677703 0.13319
0 0.130823 0.310736 0.0344448 0.145195 0.131356
30 0.430778 0.561074 0.0648144 0.534473 0.131117
0 0.234346 0.246357 0.030643 0.165595 0.125823
0 0.168099 0.675847 0.058872 0.220967 0.12331
0 0.0862804 0.133262 0.022707 0.0784706 0.121644
30 0.119553 0.573963 0.0873998 0.529925 0.12085
30 0.218288 0.521897 0.0755939 0.424468 0.119274
0 0.111006 0.196511 0.0292125 0.0762055 0.117377
30 0.141503 0.565492 0.120608 0.537521 0.114211
0 0.489997 0.862763 0.0348109 0.0860619 0.113714
0 0.583796 0.977527 0.0319917 0.0449459 0.11336
0 0.884256 0.559691 0.0313453 0.127346 0.113317
30 0.391916 0.965459 0.0406594 0.0690818 0.112149
30 0.224553 0.583265 0.0667252 0.528275 0.111977
30 0.114598 0.722698 0.0512775 0.230336 0.111974
9 0.71765 0.364372 0.0218887 0.0623887 0.108903
30 0.166481 0.69712 0.0620126 0.269473 0.107332
30 0.112269 0.651524 0.0557497 0.38179 0.105123
