0 0.331497 0.884768 0.0362636 0.0948195 0.569913
0 0.982048 0.791243 0.0344378 0.0991785 0.478711
0 0.35555 0.0540267 0.0319144 0.0844438 0.439208
0 0.732454 0.806238 0.027912 0.0855885 0.39779
0 0.868859 0.969403 0.0345088 0.0611944 0.367704
0 0.209022 0.758382 0.0284928 0.105567 0.325354
0 0.67088 0.965998 0.0247834 0.0680036 0.308842
0 0.200792 0.242713 0.0362981 0.166007 0.302731
0 0.502768 0.959666 0.0405359 0.0771596 0.294593
0 0.266424 0.26662 0.0210926 0.0863845 0.29415
0 0.576599 0.847697 0.0313753 0.071269 0.255646
0 0.330585 0.874522 0.0276402 0.076899 0.254831
0 0.658141 0.763087 0.0482736 0.138659 0.238555
0 0.205787 0.768815 0.0347331 0.127623 0.236715
30 0.353781 0.0912959 0.0388091 0.0368835 0.219702
30 0.0771856 0.718736 0.052818 0.236605 0.213458
30 0.0328915 0.936597 0.0389843 0.0910597 0.210322
0 0.670123 0.441954 0.0306015 0.107524 0.201446
0 0.0427217 0.844915 0.0628432 0.167151 0.190307
0 0.527805 0.85776 0.0217671 0.0480951 0.18774
0 0.254723 0.310647 0.024964 0.102029 0.182931
0 0.804931 0.967309 0.0232855 0.0653829 0.176081
9 0.113736 0.0356443 0.0311514 0.0712885 0.163409
9 0.64707 0.307728 0.025397 0.0872987 0.148336
0 0.768392 0.928824 0.0251083 0.0682177 0.140501
0 0.261516 0.26919 0.0308815 0.0930717 0.1402
30 0.030544 0.972309 0.0518875 0.0458562 0.138905
0 0.3339 0.902382 0.0429491 0.0655271 0.135892
30 0.0326481 0.945746 0.0461576 0.0764379 0.132177
0 0.0797226 0.449515 0.0404563 0.182302 0.120027
30 0.285429 0.557056 0.086068 0.50941 0.118809
0 0.506859 0.968631 0.032624 0.0597151 0.113708
30 0.0752936 0.627064 0.0593302 0.415097 0.111343
0 0.254967 0.286469 0.0229471 0.117181 0.1071
30 0.047349 0.874508 0.069162 0.0979515 0.103609
