0 0.619267 0.883568 0.0249737 0.0848102 0.488301
0 0.47422 0.974109 0.026111 0.0517813 0.447043
0 0.719989 0.241551 0.0317568 0.148044 0.427618
0 0.816286 0.968087 0.0226936 0.0638249 0.362207
0 0.388717 0.966671 0.0362659 0.0666588 0.317915
0 0.592813 0.9515 0.0569041 0.0970005 0.291027
0 0.940475 0.569182 0.0278592 0.0944153 0.251618
0 0.94888 0.564684 0.046546 0.121141 0.21214
0 0.185912 0.979163 0.0242379 0.0416737 0.198961
0 0.349841 0.052876 0.0235773 0.102594 0.198942
0 0.720846 0.659329 0.0263407 0.101952 0.190095
0 0.384308 0.0524069 0.0231904 0.103207 0.183985
0 0.507494 0.818866 0.0286627 0.102641 0.182601
0 0.898703 0.791963 0.0213762 0.0863922 0.180932
0 0.763214 0.851079 0.0252272 0.114718 0.18013
0 0.693754 0.789568 0.0335417 0.105637 0.166923
0 0.483761 0.188762 0.0257258 0.100446 0.164977
0 0.163481 0.135375 0.0263243 0.109079 0.163268
0 0.378087 0.517306 0.0239304 0.092476 0.14609
0 0.723155 0.653104 0.0215832 0.0859855 0.144278
30 0.105169 0.675425 0.100731 0.461252 0.143649
0 0.823388 0.455984 0.0403664 0.108035 0.142018
0 0.694002 0.779626 0.0259903 0.0874546 0.141213
0 0.228768 0.284309 0.0278531 0.0917211 0.140901
0 0.146142 0.863555 0.0295287 0.0752352 0.130446
0 0.650121 0.433381 0.0310301 0.119259 0.130183
0 0.868119 0.637101 0.0260406 0.0909246 0.124191
0 0.670242 0.735262 0.03522 0.106603 0.123879
0 0.18005 0.255924 0.0201518 0.0910589 0.116306
0 0.428878 0.987132 0.0131763 0.0257364 0.115902
0 0.624356 0.289392 0.031334 0.0868829 0.110702
30 0.0438123 0.634481 0.0876245 0.455121 0.109282
0 0.23376 0.265262 0.0362451 0.120716 0.105132
0 0.130683 0.246589 0.0331676 0.0979288 0.100383
