0 0.687416 0.968415 0.028181 0.0631703 0.525925
0 0.309547 0.880678 0.0312214 0.0985816 0.400241
0 0.590762 0.844792 0.0234009 0.0818426 0.391355
0 0.54591 0.868013 0.0195161 0.0754528 0.361061
0 0.879678 0.969404 0.0418333 0.0611919 0.344627
0 0.340046 0.0572719 0.0225936 0.0880819 0.322197
0 0.310091 0.867986 0.0260925 0.0754184 0.314346
0 0.781888 0.944105 0.0322861 0.0947455 0.312456
0 0.0251714 0.828359 0.0483094 0.192423 0.28984
0 0.310402 0.596017 0.0279244 0.0916984 0.287611
0 0.114723 0.737363 0.058649 0.190141 0.281546
0 0.648779 0.885964 0.0394077 0.137225 0.279592
0 0.193395 0.754358 0.0296565 0.0929444 0.266788
0 0.519113 0.961202 0.038442 0.0766088 0.260242
0 0.19877 0.769127 0.0413668 0.12357 0.258122
0 0.233394 0.746271 0.0267134 0.102673 0.251864
0 0.0790931 0.630767 0.0249163 0.0623999 0.247831
0 0.189651 0.244861 0.0400487 0.170224 0.241502
0 0.746849 0.806902 0.0337559 0.0779246 0.216613
0 0.113541 0.781678 0.0526127 0.102295 0.209568
0 0.775978 0.946231 0.0456356 0.0996543 0.205698
30 0.0232907 0.953115 0.0462543 0.0524881 0.185906
0 0.0130966 0.889851 0.0261861 0.169681 0.179734
0 0.859052 0.156713 0.0290338 0.0946955 0.16973
0 0.117214 0.714006 0.0474778 0.144149 0.169649
0 0.0621934 0.21661 0.0314808 0.106662 0.16874
0 0.818398 0.965306 0.0203919 0.064292 0.168388
0 0.676402 0.748617 0.0303261 0.123896 0.166835
0 0.477759 0.405979 0.0211321 0.0821917 0.152158
0 0.0230236 0.915166 0.0459424 0.130959 0.151998
0 0.983286 0.789283 0.0326113 0.103629 0.149638
0 0.191075 0.766785 0.0379326 0.117191 0.145563
0 0.0186818 0.692766 0.0372338 0.153031 0.138767
0 0.115954 0.606448 0.0389212 0.095854 0.136753
0 0.680856 0.439938 0.02664 0.108056 0.135291
0 0.534143 0.960124 0.0665362 0.0788263 0.125422
0 0.188438 0.203899 0.0324521 0.0882231 0.124834
0 0.547954 0.877209 0.0263893 0.0913394 0.123051
0 0.120655 0.634395 0.0412223 0.151925 0.122582
0 0.022457 0.806767 0.0445808 0.149022 0.121753
0 0.25252 0.282634 0.0281051 0.111169 0.120162
0 0.0236315 0.867987 0.047263 0.215299 0.114908
0 0.309402 0.90626 0.0333303 0.0566572 0.113442
0 0.188646 0.220943 0.0350412 0.12126 0.113422
30 0.269432 0.550034 0.0971749 0.540388 0.108461
30 0.166114 0.556299 0.0806071 0.548102 0.10543
0 0.874177 0.714679 0.0313286 0.09664 0.10523
0 0.920729 0.555009 0.0396054 0.149749 0.103269
0 0.084979 0.30165 0.0404237 0.115726 0.100042
