0 0.612227 0.821132 0.0263401 0.124462 0.498784
0 0.506772 0.95515 0.0424153 0.0844949 0.458874
0 0.294269 0.8593 0.0394517 0.104042 0.45398
0 0.80435 0.750617 0.0278906 0.103682 0.379163
0 0.983398 0.747347 0.0328018 0.312259 0.37565
0 0.902097 0.797046 0.0280867 0.0920978 0.325137
0 0.925579 0.453859 0.0269063 0.118552 0.309614
0 0.0613303 0.979047 0.0286168 0.0419067 0.287556
0 0.516231 0.955474 0.0622678 0.0869748 0.265666
0 0.627445 0.19601 0.0251748 0.116162 0.256429
0 0.49809 0.437747 0.0245312 0.0989205 0.229809
30 0.227744 0.605731 0.0792888 0.371811 0.225294
0 0.050537 0.213008 0.0313986 0.0966133 0.206022
0 0.746358 0.928869 0.0325636 0.0955974 0.204834
0 0.349474 0.147588 0.0261472 0.110492 0.203541
0 0.739339 0.939912 0.0499227 0.117592 0.200731
0 0.143023 0.944613 0.0371769 0.0977839 0.164842
0 0.329965 0.971105 0.0269224 0.057791 0.163648
0 0.636842 0.600476 0.0292039 0.0825569 0.159515
0 0.804772 0.0829411 0.0262326 0.109075 0.145191
0 0.211206 0.0506255 0.022894 0.101251 0.142774
0 0.984038 0.647585 0.0312891 0.100476 0.138009
0 0.863546 0.562931 0.0317713 0.0957681 0.136415
0 0.598002 0.985025 0.0183462 0.0299507 0.127465
0 0.141434 0.932176 0.033971 0.0735623 0.126442
0 0.759051 0.623733 0.0209473 0.0969147 0.125827
0 0.512799 0.287405 0.0257878 0.0851992 0.119384
0 0.236934 0.162183 0.0332741 0.120041 0.119163
0 0.55974 0.88454 0.0487009 0.0983308 0.115153
0 0.579036 0.742933 0.0264593 0.095868 0.114659
0 0.718056 0.295772 0.0324755 0.0902341 0.112871
0 0.580773 0.197796 0.0361995 0.0950825 0.111022
