0 0.612277 0.796582 0.0260582 0.107306 0.442413
0 0.173301 0.25552 0.0416837 0.112037 0.39376
0 0.126703 0.813631 0.0364559 0.0883362 0.348328
0 0.71901 0.935278 0.0307236 0.0936576 0.331666
0 0.0575641 0.242242 0.0348715 0.102498 0.330033
0 0.0756359 0.864424 0.0507683 0.125423 0.313889
0 0.990965 0.557594 0.0173101 0.107632 0.261256
0 0.390363 0.96538 0.0262631 0.0684906 0.248358
0 0.262201 0.975145 0.0292239 0.0497107 0.216905
0 0.254817 0.0670506 0.0372924 0.127147 0.208244
0 0.176512 0.242323 0.037588 0.112428 0.205628
0 0.256208 0.0455284 0.0311689 0.0818214 0.196712
0 0.232137 0.971506 0.0278088 0.0534243 0.184115
0 0.493198 0.951239 0.0501013 0.0975226 0.174165
0 0.289945 0.27497 0.0290086 0.0929706 0.172577
0 0.631329 0.64854 0.0335974 0.0899677 0.168363
0 0.989853 0.685565 0.0199664 0.371592 0.159025
0 0.53476 0.857741 0.0403654 0.0914226 0.155351
0 0.475758 0.432604 0.0285886 0.110635 0.153774
0 0.847111 0.966976 0.0305489 0.0660476 0.153685
0 0.132813 0.667541 0.0306614 0.106427 0.145373
0 0.345001 0.06455 0.0296954 0.105618 0.142212
0 0.345605 0.849838 0.0339867 0.140156 0.140436
0 0.746697 0.734722 0.0308104 0.107553 0.139094
0 0.101575 0.26629 0.0357356 0.104931 0.137279
0 0.149473 0.951127 0.034532 0.0972671 0.132454
0 0.648591 0.254004 0.04336 0.137938 0.12862
0 0.0789028 0.881879 0.0438916 0.0888891 0.121155
0 0.325795 0.361581 0.0336729 0.149456 0.11979
0 0.839215 0.915195 0.0430311 0.16961 0.118589
0 0.0291308 0.443333 0.0187984 0.0740728 0.11767
0 0.420689 0.825304 0.0386183 0.119117 0.117324
0 0.607576 0.434579 0.0251829 0.211895 0.116199
0 0.178899 0.234288 0.0237155 0.096774 0.115874
0 0.419131 0.193288 0.0351299 0.102688 0.115615
0 0.650032 0.441881 0.024316 0.096055 0.108708
0 0.332405 0.179665 0.02787 0.126367 0.107733
0 0.228976 0.874586 0.0455231 0.113409 0.1033
0 0.89769 0.788878 0.0226769 0.0886932 0.10254
0 0.193714 0.788986 0.0349406 0.0924137 0.101086
0 0.0641733 0.854721 0.031295 0.107087 0.100093
