0 0.383255 0.959917 0.0585388 0.0801655 0.510171
0 0.159362 0.789621 0.033987 0.1222 0.445732
0 0.723588 0.209089 0.0260338 0.0929896 0.410285
0 0.371701 0.0466128 0.0232281 0.0932257 0.355636
0 0.089965 0.928376 0.0342374 0.0938574 0.340432
0 0.552018 0.959497 0.0428004 0.080833 0.335878
0 0.987428 0.730642 0.0248739 0.246553 0.331649
0 0.911838 0.783039 0.0416986 0.126988 0.25708
0 0.0844586 0.977502 0.0246419 0.0449955 0.226797
9 0.262868 0.0251999 0.0258672 0.0503999 0.224243
0 0.187106 0.507938 0.0229201 0.0939203 0.214433
0 0.203578 0.883698 0.0400816 0.0898204 0.182628
0 0.0864758 0.964278 0.0317332 0.0714444 0.177995
0 0.666791 0.505614 0.0282584 0.114261 0.175216
0 0.0897858 0.911152 0.0334286 0.064921 0.164456
0 0.00751458 0.636978 0.0150292 0.133603 0.160791
0 0.105165 0.215003 0.0317862 0.105258 0.160782
0 0.0143533 0.981469 0.0286106 0.0370611 0.157692
30 0.0591424 0.606101 0.0851687 0.398478 0.155875
0 0.642603 0.401696 0.0218559 0.0840324 0.154201
0 0.637851 0.899161 0.0262205 0.0586108 0.14594
0 0.198734 0.899213 0.0510215 0.120932 0.141044
0 0.447626 0.864538 0.0268551 0.0855224 0.130364
0 0.602648 0.814149 0.0329584 0.10905 0.128798
0 0.927679 0.402362 0.033608 0.126676 0.126971
0 0.716415 0.424349 0.0273458 0.133681 0.118121
0 0.919071 0.765806 0.0240078 0.092683 0.117224
0 0.344499 0.350211 0.0176604 0.0735162 0.11309
0 0.875785 0.493707 0.0298725 0.093449 0.112232
0 0.913706 0.769933 0.0349316 0.101418 0.111378
0 0.378514 0.844981 0.0186246 0.0733825 0.109303
0 0.190124 0.20639 0.0265442 0.102089 0.103995
0 0.201876 0.290653 0.027285 0.0824428 0.10242
0 0.763039 0.977135 0.0287947 0.045729 0.100512
