0 0.910962 0.606534 0.0559 0.166316 0.51269
0 0.622237 0.959309 0.0509554 0.0813819 0.512151
0 0.6498 0.8909 0.0285338 0.0873061 0.491372
0 0.413058 0.959011 0.0498341 0.0819788 0.463912
0 0.501772 0.979874 0.0216728 0.0402527 0.383069
0 0.739546 0.839154 0.0275428 0.106977 0.332999
0 0.344683 0.0749306 0.0249301 0.102122 0.262327
0 0.53156 0.801437 0.0259126 0.143894 0.249966
0 0.178796 0.112489 0.0314494 0.107573 0.245233
0 0.210203 0.249861 0.0222454 0.0911485 0.238277
0 0.147322 0.950216 0.0419598 0.099568 0.237226
0 0.749653 0.662967 0.0325079 0.106245 0.200166
0 0.848759 0.976315 0.0241648 0.0473695 0.197483
0 0.736698 0.411677 0.0350403 0.111025 0.178529
30 0.371795 0.62801 0.0672612 0.412528 0.170651
0 0.567998 0.442094 0.0226226 0.0908426 0.168148
30 0.0458016 0.683043 0.0903364 0.376388 0.167764
30 0.137712 0.599437 0.100255 0.537668 0.165908
30 0.519048 0.713648 0.046289 0.322508 0.158525
30 0.339888 0.541852 0.0586863 0.445886 0.150141
0 0.0297821 0.982067 0.0268449 0.0358663 0.146186
0 0.500656 0.3134 0.0424824 0.121218 0.145863
0 0.449083 0.0786503 0.0301858 0.11078 0.137953
0 0.26347 0.248108 0.0281629 0.0977681 0.137127
30 0.437784 0.723318 0.0468077 0.279668 0.13706
0 0.258568 0.258452 0.0372184 0.120934 0.132985
30 0.256464 0.508173 0.0565096 0.410218 0.132527
0 0.404648 0.0631803 0.0187234 0.0990648 0.130406
0 0.647932 0.748815 0.0276907 0.0973828 0.126678
30 0.128137 0.726681 0.0782828 0.296679 0.123801
30 0.279383 0.543034 0.0634273 0.458562 0.11947
0 0.0903828 0.1703 0.0264521 0.099101 0.117959
0 0.507292 0.192947 0.0257711 0.0998148 0.115721
0 0.747967 0.241491 0.0472528 0.148602 0.115484
0 0.988904 0.529392 0.0217549 0.241298 0.114145
0 0.422904 0.203366 0.0352351 0.0863549 0.113201
0 0.381764 0.0799938 0.0231897 0.0947618 0.112164
0 0.628118 0.427373 0.0264345 0.118873 0.111751
0 0.898607 0.793838 0.0238895 0.0866801 0.111647
30 0.470961 0.72738 0.0483186 0.294201 0.11096
0 0.992666 0.523093 0.0141078 0.220995 0.102132
0 0.722565 0.776869 0.020638 0.0927039 0.101097
