0 0.779601 0.187467 0.030137 0.0883144 0.578479
0 0.111764 0.923228 0.0343154 0.0974288 0.48082
0 0.507501 0.863387 0.0227381 0.0869238 0.451417
0 0.579485 0.9477 0.0278729 0.104229 0.39756
0 0.261072 0.247097 0.0316166 0.161502 0.374069
0 0.813937 0.972467 0.0364584 0.0550658 0.360967
0 0.420561 0.888429 0.0288767 0.0668389 0.351351
0 0.0184298 0.949273 0.0368596 0.101454 0.347194
0 0.66336 0.812147 0.0336031 0.0950583 0.321469
0 0.448922 0.849588 0.024963 0.0750874 0.318643
0 0.606373 0.955683 0.0259377 0.0851479 0.317706
0 0.100123 0.809621 0.0349719 0.098864 0.307356
0 0.436733 0.960715 0.0342085 0.0782644 0.292413
0 0.0144891 0.964158 0.0289781 0.0716835 0.282697
0 0.416969 0.0430021 0.0217655 0.0860041 0.277326
0 0.942279 0.773131 0.0286449 0.0992578 0.274469
9 0.192423 0.0314252 0.0339978 0.0628503 0.24515
0 0.164985 0.536549 0.0249664 0.0845311 0.227965
0 0.195534 0.605056 0.0246251 0.101844 0.213718
0 0.135181 0.871131 0.0384107 0.0887406 0.207665
0 0.381058 0.282062 0.0211528 0.0937424 0.199475
0 0.218115 0.641973 0.0223905 0.0922546 0.199038
0 0.0439662 0.666781 0.0310726 0.141635 0.192667
0 0.326375 0.300064 0.029149 0.110089 0.188725
0 0.604948 0.742108 0.0339728 0.0931838 0.177445
0 0.278155 0.749763 0.0248385 0.0962682 0.170298
0 0.291134 0.631212 0.0510507 0.216568 0.16446
0 0.113185 0.940575 0.0350916 0.0668756 0.148817
0 0.32808 0.281475 0.0309717 0.134106 0.141387
0 0.152941 0.299447 0.0282237 0.0937163 0.128673
0 0.574149 0.947497 0.0397187 0.103643 0.128654
0 0.0201669 0.646067 0.039566 0.237655 0.122482
0 0.0143922 0.921734 0.0279107 0.0593677 0.120433
0 0.389167 0.0224173 0.011642 0.0448346 0.119555
0 0.428848 0.958446 0.0527783 0.0831083 0.11583
0 0.0905957 0.144381 0.0232812 0.101789 0.114112
0 0.94039 0.783051 0.0347229 0.118337 0.111031
0 0.761822 0.975323 0.028396 0.049354 0.109635
0 0.416895 0.0253307 0.0207747 0.0506614 0.107675
0 0.0782151 0.323564 0.0208696 0.0775762 0.107311
0 0.122283 0.412937 0.0330167 0.0684842 0.104656
0 0.699786 0.92862 0.0292738 0.089288 0.103328
0 0.0385481 0.661663 0.0419338 0.131041 0.101437
0 0.923879 0.508517 0.0260082 0.0967437 0.101014
