9 0.73445 0.288553 0.020686 0.0849495 0.573543
0 0.257341 0.0657674 0.0267278 0.0911276 0.464526
0 0.779599 0.972804 0.0230823 0.0543927 0.334254
0 0.101989 0.739869 0.0255244 0.0943091 0.298407
0 0.51953 0.633977 0.0296744 0.0896737 0.262388
33 0.941868 0.127231 0.034334 0.0969189 0.254693
0 0.608748 0.969619 0.0465292 0.0607616 0.25245
0 0.196489 0.842217 0.0396004 0.101166 0.239655
0 0.898712 0.473444 0.0421576 0.199424 0.235276
0 0.651241 0.889493 0.025533 0.061738 0.229479
9 0.562487 0.384741 0.0229441 0.0844991 0.221508
0 0.100275 0.755347 0.0323081 0.120792 0.204502
0 0.0798394 0.410282 0.0251944 0.0833871 0.204305
0 0.127674 0.721706 0.0266844 0.132318 0.200668
0 0.20746 0.603508 0.0309904 0.0951175 0.178409
0 0.974099 0.97483 0.032459 0.050341 0.17575
0 0.681339 0.824185 0.0247702 0.0656081 0.172031
0 0.0319604 0.592657 0.0330434 0.0979948 0.167054
0 0.990748 0.55261 0.0176076 0.149707 0.153748
9 0.620816 0.518836 0.0226564 0.10267 0.144854
0 0.744802 0.905419 0.0465615 0.105039 0.141091
0 0.746734 0.743078 0.0391154 0.123263 0.138898
0 0.650921 0.899749 0.0378053 0.0809431 0.138491
0 0.84269 0.814605 0.0375748 0.0849221 0.135629
0 0.0261276 0.597712 0.0453049 0.109807 0.133369
0 0.197554 0.825847 0.029152 0.0715553 0.129962
0 0.893838 0.975425 0.0342588 0.0491505 0.127205
0 0.990054 0.530461 0.0190904 0.111769 0.126824
0 0.0753213 0.411664 0.0397995 0.0882586 0.124196
0 0.74528 0.873638 0.0474343 0.169899 0.117701
0 0.936087 0.753966 0.0354189 0.150551 0.116775
0 0.207234 0.314479 0.0266303 0.0892344 0.114949
0 0.155147 0.263588 0.0241718 0.061091 0.113261
0 0.111183 0.270909 0.0412992 0.101003 0.112949
0 0.964007 0.97329 0.0519285 0.0534197 0.110036
2 0.00797444 0.0331525 0.0159489 0.0603235 0.100572
