0 0.864846 0.968718 0.0393154 0.0625642 0.47695
0 0.210427 0.7662 0.0310401 0.122713 0.452397
0 0.981518 0.791783 0.0335263 0.101767 0.427675
0 0.358105 0.0511348 0.0295661 0.0798071 0.385153
0 0.731033 0.806275 0.0266867 0.086962 0.351633
0 0.666768 0.965277 0.0295883 0.0694469 0.319794
0 0.337556 0.891427 0.0478097 0.103213 0.268527
0 0.50014 0.96261 0.0392151 0.0747629 0.252423
0 0.568558 0.845549 0.0187197 0.0685245 0.247399
0 0.849539 0.786724 0.0384876 0.103957 0.218814
0 0.203072 0.244374 0.0326417 0.166383 0.208304
0 0.840399 0.168346 0.0325161 0.0874386 0.205583
0 0.335578 0.912396 0.0470865 0.052256 0.194481
0 0.69023 0.663882 0.0202999 0.0930145 0.180664
0 0.0468233 0.842562 0.0624286 0.16214 0.180224
0 0.572905 0.846532 0.0268837 0.0733474 0.176414
0 0.766427 0.929558 0.0240395 0.0690946 0.15623
30 0.0773836 0.722534 0.0541459 0.242748 0.152042
0 0.339692 0.875033 0.0426259 0.0753425 0.150857
0 0.261053 0.301254 0.0321726 0.115322 0.147937
0 0.425008 0.606267 0.0291593 0.141153 0.1447
0 0.33007 0.596869 0.025987 0.0916786 0.140517
0 0.802928 0.966973 0.024997 0.0660532 0.138527
0 0.667928 0.442778 0.0345856 0.109401 0.135889
30 0.291767 0.553526 0.0735068 0.513027 0.135054
0 0.661833 0.760095 0.038147 0.13358 0.130888
0 0.336252 0.869364 0.0337874 0.0637467 0.120447
0 0.911155 0.553006 0.0318208 0.148698 0.118652
0 0.627729 0.88246 0.0241551 0.0892335 0.115994
0 0.0339734 0.927508 0.038492 0.101592 0.10841
0 0.0812474 0.443404 0.0405761 0.190211 0.108072
30 0.0490887 0.874293 0.0690722 0.0957147 0.107645
30 0.35542 0.0895303 0.0367781 0.0345217 0.105427
0 0.0766712 0.218965 0.0245355 0.100256 0.104632
0 0.015958 0.335146 0.031072 0.0899364 0.100696
