0 0.684316 0.968142 0.0261076 0.063716 0.413018
0 0.313574 0.881421 0.0264379 0.0999207 0.399911
0 0.67791 0.440854 0.0302719 0.10754 0.387202
0 0.342413 0.056482 0.022603 0.0876709 0.379874
0 0.516837 0.960399 0.039453 0.0782991 0.371495
0 0.018724 0.699122 0.0374481 0.156966 0.328563
0 0.879169 0.969129 0.0405529 0.0615857 0.327545
0 0.543192 0.862731 0.0203112 0.0571587 0.305612
0 0.198222 0.754582 0.0270214 0.0900154 0.291982
0 0.0260544 0.84433 0.0487133 0.160107 0.236831
0 0.645991 0.897943 0.0323246 0.114527 0.226103
0 0.198943 0.770321 0.0292242 0.121323 0.222959
0 0.11541 0.612233 0.0382845 0.119722 0.217941
0 0.0813927 0.630509 0.0210509 0.0614152 0.21127
0 0.543532 0.875544 0.0228171 0.0829937 0.202459
0 0.5882 0.846114 0.0243635 0.0800858 0.199592
0 0.816704 0.966359 0.022916 0.0649041 0.192416
0 0.645164 0.890521 0.0395348 0.138189 0.191797
0 0.742754 0.806694 0.0366546 0.0830157 0.190172
0 0.02057 0.876477 0.04114 0.198984 0.189467
0 0.673802 0.758749 0.0311434 0.144116 0.184091
0 0.312924 0.596092 0.0257018 0.0952777 0.182184
0 0.192997 0.247176 0.0418051 0.166673 0.180552
0 0.0250227 0.847163 0.0500454 0.268854 0.169001
30 0.17122 0.594399 0.0827541 0.471814 0.160742
0 0.014323 0.885927 0.0286219 0.181347 0.153914
30 0.270137 0.554306 0.101214 0.55061 0.151645
0 0.11685 0.642697 0.0389333 0.1801 0.147781
0 0.982287 0.791106 0.0346569 0.0991187 0.142695
0 0.781615 0.927283 0.0259712 0.0581683 0.142288
0 0.417725 0.647033 0.0271746 0.0985927 0.129097
0 0.118227 0.781493 0.0408067 0.10404 0.124621
0 0.549018 0.444344 0.0230788 0.0887162 0.121945
31 0.0258225 0.946368 0.0512801 0.0689743 0.120544
0 0.78002 0.936779 0.0299599 0.0779533 0.118237
0 0.213054 0.550446 0.0281005 0.117374 0.112963
0 0.118887 0.736289 0.0571697 0.19034 0.110619
30 0.286028 0.559338 0.0756313 0.55055 0.110448
0 0.811864 0.965414 0.030345 0.0669646 0.109388
30 0.0251189 0.953374 0.0499102 0.0539877 0.106086
0 0.0662159 0.217589 0.0330782 0.103572 0.105803
0 0.7739 0.946409 0.0448432 0.0988867 0.101138
0 0.0245001 0.921621 0.0489157 0.118991 0.100386
