0 0.826969 0.0945557 0.029488 0.0889228 0.352301
0 0.988833 0.0496259 0.0213379 0.0925552 0.348427
0 0.390417 0.969339 0.0303395 0.061323 0.335914
0 0.624989 0.973203 0.0271873 0.0535944 0.306508
0 0.169417 0.977695 0.0340028 0.0446103 0.293385
0 0.193838 0.179548 0.0220067 0.0927111 0.272967
0 0.0194401 0.935584 0.0388802 0.128831 0.230654
0 0.671686 0.90776 0.022687 0.0578583 0.226763
0 0.330207 0.158278 0.0225247 0.109008 0.222459
0 0.302735 0.198402 0.0279373 0.10216 0.220942
0 0.290536 0.781817 0.0363563 0.124518 0.220343
0 0.940234 0.384101 0.0428034 0.110974 0.215089
0 0.762613 0.461292 0.0268829 0.0984235 0.207626
0 0.569266 0.945544 0.0373059 0.10145 0.20056
0 0.570237 0.937779 0.0308267 0.085046 0.198612
0 0.0882526 0.809059 0.0415472 0.142528 0.187891
0 0.673024 0.924844 0.0283155 0.091861 0.180931
0 0.869255 0.717544 0.0326851 0.148591 0.157486
0 0.216416 0.046842 0.0378184 0.0916062 0.154369
0 0.0644824 0.220559 0.0325621 0.104121 0.151267
0 0.0949365 0.84736 0.0415034 0.0896091 0.134985
0 0.0171674 0.0390005 0.034253 0.078001 0.122531
0 0.581929 0.245562 0.0346081 0.156011 0.121192
0 0.240806 0.9496 0.0557847 0.100239 0.120073
0 0.865722 0.696726 0.0289028 0.106567 0.119056
0 0.088458 0.139566 0.0239954 0.0717174 0.117974
0 0.549249 0.510078 0.0249862 0.105637 0.11563
0 0.897909 0.77275 0.0213654 0.0882906 0.112541
0 0.812408 0.412325 0.0333771 0.11342 0.110835
0 0.97797 0.94555 0.0434191 0.108614 0.109361
0 0.150229 0.19663 0.0237386 0.0843116 0.107337
0 0.565227 0.961086 0.0616743 0.076787 0.104195
0 0.300516 0.855662 0.0268086 0.0784021 0.103897
0 0.0874679 0.161921 0.0296607 0.118069 0.103384
0 0.294236 0.807663 0.0345718 0.170199 0.101682
