0 0.0527303 0.956524 0.0421571 0.0865285 0.409401
0 0.446709 0.953724 0.0455526 0.0916714 0.346632
0 0.602589 0.441831 0.0327779 0.113484 0.2919
0 0.706765 0.406478 0.0331661 0.0950304 0.26132
0 0.606784 0.267299 0.0263527 0.103819 0.246165
0 0.773547 0.246176 0.0406092 0.121986 0.232077
0 0.284225 0.821467 0.0258577 0.101837 0.195328
0 0.68484 0.906972 0.0264655 0.0841449 0.184181
0 0.66268 0.956647 0.0572433 0.086706 0.179441
0 0.477324 0.0752752 0.0228001 0.113879 0.172899
0 0.381493 0.103207 0.02275 0.106109 0.161247
0 0.833384 0.308391 0.0247047 0.0751525 0.161092
30 0.288168 0.578957 0.088851 0.491014 0.152821
0 0.784034 0.659818 0.0369089 0.0973457 0.143968
0 0.325302 0.232168 0.0276345 0.0881635 0.143527
0 0.447679 0.200764 0.0331779 0.0901294 0.130561
30 0.56772 0.726682 0.0542925 0.300912 0.125621
0 0.380679 0.983039 0.0279548 0.0339229 0.123947
0 0.545049 0.978355 0.0369186 0.0432905 0.120918
0 0.89842 0.564601 0.0280939 0.0961523 0.120364
0 0.4708 0.298185 0.0261776 0.0744872 0.119915
0 0.603531 0.510352 0.0332066 0.244325 0.119632
0 0.0876038 0.872921 0.039681 0.0973255 0.11506
0 0.376453 0.982446 0.019144 0.0351074 0.112591
0 0.661636 0.973404 0.0548739 0.0531927 0.110677
0 0.0148919 0.870492 0.0297474 0.117523 0.105733
0 0.722257 0.817155 0.0403199 0.109598 0.103261
30 0.435836 0.744517 0.0450392 0.233004 0.103074
