0 0.163694 0.252047 0.0438923 0.120943 0.453736
0 0.829882 0.965823 0.0249607 0.0649015 0.404116
0 0.174454 0.886771 0.0437855 0.0879313 0.383449
0 0.635771 0.251703 0.0264671 0.143122 0.333553
0 0.618963 0.614267 0.03078 0.138778 0.31468
0 0.466433 0.218797 0.0288078 0.0855264 0.311174
0 0.272831 0.973773 0.0275388 0.0524535 0.269405
0 0.853765 0.892407 0.0295868 0.104372 0.269337
0 0.123952 0.981741 0.0277922 0.0365174 0.259143
0 0.332899 0.0599953 0.0358818 0.101989 0.253686
0 0.657255 0.439143 0.0357903 0.0950544 0.252088
0 0.409782 0.810058 0.03268 0.142393 0.24629
0 0.898065 0.786188 0.0212485 0.0882637 0.23823
0 0.687822 0.296619 0.0201391 0.0738854 0.225743
0 0.71692 0.429629 0.0270508 0.0995366 0.221502
0 0.401583 0.194711 0.024581 0.102351 0.210136
0 0.703042 0.923931 0.0271511 0.0904513 0.208981
0 0.739507 0.519503 0.0217994 0.0848544 0.201363
0 0.897702 0.799826 0.0247026 0.117272 0.194752
0 0.243223 0.0651592 0.0255669 0.105097 0.192102
0 0.715846 0.447446 0.0296467 0.139172 0.189548
0 0.155019 0.947965 0.0324471 0.0847497 0.185742
0 0.377315 0.966792 0.0486765 0.0664154 0.17492
0 0.761104 0.74363 0.0320031 0.0945133 0.173566
0 0.0816022 0.879948 0.0390849 0.0935631 0.17057
0 0.222865 0.981748 0.0216162 0.036503 0.16861
0 0.636225 0.220757 0.0254314 0.080319 0.149413
0 0.293957 0.271278 0.023738 0.100068 0.142479
0 0.27403 0.323741 0.025179 0.0819124 0.134389
0 0.18409 0.791999 0.0233615 0.112852 0.131351
0 0.0840176 0.877543 0.0274 0.0890644 0.129247
30 0.16207 0.605005 0.0855996 0.501308 0.12908
0 0.739637 0.0932466 0.017473 0.0638462 0.126394
0 0.0472588 0.243165 0.0375102 0.100951 0.122358
30 0.157078 0.534089 0.0773553 0.394789 0.11016
0 0.217243 0.202149 0.0294853 0.070433 0.109907
0 0.761724 0.652544 0.0321275 0.136594 0.107814
0 0.156025 0.949315 0.0299756 0.0614402 0.105925
0 0.218922 0.812629 0.0194511 0.0527282 0.101156
0 0.679565 0.0245198 0.0195931 0.0490396 0.100691
