0 0.595925 0.881083 0.0324594 0.0999379 0.453668
0 0.449031 0.97313 0.0265604 0.0537397 0.401032
0 0.0969609 0.884438 0.0310156 0.0901764 0.389293
0 0.484341 0.824889 0.0330409 0.124254 0.383367
0 0.841784 0.630824 0.0226515 0.0975595 0.364175
0 0.704446 0.248247 0.0379074 0.13973 0.358057
0 0.944972 0.552521 0.0437742 0.131321 0.306873
0 0.623642 0.632341 0.0225758 0.0922103 0.301418
0 0.785656 0.902947 0.0434973 0.194107 0.265009
0 0.82224 0.476031 0.0386179 0.0933567 0.238743
0 0.144294 0.942436 0.0437577 0.101175 0.224582
0 0.685179 0.771434 0.0531525 0.140918 0.207667
0 0.664324 0.424234 0.0267846 0.120178 0.189791
0 0.211396 0.979429 0.0308047 0.0411416 0.178429
0 0.0745183 0.785866 0.0294592 0.143426 0.17373
0 0.222481 0.258893 0.051167 0.1273 0.146986
0 0.78406 0.86999 0.0383933 0.122559 0.145714
0 0.0758742 0.754591 0.0267208 0.081468 0.144772
0 0.184929 0.818591 0.0298903 0.0844953 0.143492
0 0.815091 0.475713 0.0256569 0.0905514 0.141413
0 0.171489 0.873312 0.0327209 0.0985972 0.139797
0 0.693899 0.667964 0.0304384 0.111059 0.132216
0 0.28545 0.32326 0.0268041 0.108952 0.130653
0 0.788231 0.394258 0.0222709 0.0756235 0.130386
0 0.463065 0.193457 0.0261349 0.106599 0.129448
0 0.774804 0.391652 0.0188011 0.079119 0.125795
0 0.691843 0.749852 0.0386545 0.102268 0.124598
0 0.366802 0.976018 0.0393162 0.0479639 0.123865
0 0.604513 0.293266 0.0300802 0.0951927 0.118081
0 0.255587 0.897805 0.0249787 0.081135 0.112527
0 0.952969 0.561521 0.046176 0.110338 0.106787
0 0.174622 0.855595 0.0412694 0.133666 0.105831
0 0.252034 0.365609 0.0248585 0.0789903 0.104603
0 0.437185 0.655409 0.0328822 0.130678 0.104199
0 0.779298 0.391477 0.0282392 0.0791724 0.104044
0 0.250436 0.781803 0.0301207 0.123371 0.102426
