0 0.469276 0.949955 0.0416986 0.0958921 0.468399
0 0.952151 0.647978 0.0344904 0.0950208 0.378173
0 0.949814 0.46461 0.0355558 0.143813 0.327627
0 0.0649456 0.913703 0.0445784 0.168198 0.297782
9 0.807036 0.642448 0.0209488 0.0720822 0.294304
0 0.14601 0.947788 0.0421484 0.103087 0.278339
0 0.94862 0.489592 0.0344143 0.197955 0.264323
0 0.522423 0.866288 0.0472852 0.0927205 0.25469
9 0.805484 0.653586 0.0242641 0.092402 0.245116
0 0.0223677 0.821043 0.0326312 0.0942604 0.226788
0 0.887711 0.566156 0.0297352 0.0919575 0.22103
0 0.576355 0.824739 0.033041 0.101423 0.215244
0 0.952777 0.449727 0.0290127 0.113652 0.208738
0 0.355636 0.97712 0.0299306 0.0457607 0.199668
30 0.29908 0.528797 0.054758 0.409993 0.199343
0 0.0633788 0.941586 0.041522 0.1046 0.183128
0 0.552856 0.979414 0.0300152 0.0411722 0.16455
30 0.153405 0.523797 0.0753591 0.397637 0.157528
0 0.589112 0.433827 0.0227379 0.116372 0.152349
0 0.613633 0.246575 0.0237082 0.112297 0.144651
0 0.795352 0.231457 0.0372624 0.137227 0.132299
0 0.9545 0.437892 0.0252095 0.089926 0.131804
0 0.711067 0.913527 0.0353643 0.0869967 0.125114
0 0.204467 0.904864 0.0323053 0.0888843 0.125082
0 0.899872 0.796348 0.0241175 0.0885358 0.119996
0 0.690053 0.287415 0.0297294 0.0786609 0.119736
0 0.950523 0.633276 0.0390453 0.125878 0.117725
0 0.487428 0.297149 0.0268055 0.0869223 0.1155
0 0.700467 0.794459 0.0321602 0.101149 0.113945
30 0.338838 0.580389 0.058968 0.490735 0.109032
0 0.208825 0.202774 0.03945 0.101224 0.108046
0 0.69981 0.808091 0.0368349 0.128652 0.107859
0 0.524986 0.441333 0.0254898 0.0969117 0.105376
0 0.0992845 0.980776 0.0230555 0.0384473 0.104052
9 0.725908 0.626818 0.0194623 0.0986326 0.103013
0 0.0671923 0.347596 0.026644 0.0876949 0.102602
