30 0.34194 0.532165 0.0499881 0.409911 0.40977
0 0.753973 0.400953 0.0314678 0.0939457 0.394053
0 0.702713 0.780771 0.0204012 0.0988355 0.382934
0 0.634841 0.888636 0.0393114 0.0863895 0.322968
0 0.734455 0.240515 0.0343286 0.144728 0.308047
0 0.0608545 0.88465 0.0328553 0.0903574 0.256536
0 0.348365 0.0635664 0.024551 0.112818 0.243691
0 0.754889 0.846325 0.0335388 0.105563 0.243039
0 0.210797 0.822549 0.0372848 0.0874637 0.239303
0 0.598462 0.953467 0.0491333 0.0930664 0.238534
0 0.435643 0.0710182 0.0350777 0.127706 0.232432
0 0.382275 0.0545332 0.021816 0.106942 0.214647
0 0.70098 0.791389 0.0257143 0.121908 0.209482
0 0.934212 0.570179 0.0301816 0.0939876 0.207351
0 0.483636 0.975497 0.024102 0.0490053 0.20726
0 0.135614 0.865646 0.0291935 0.0788353 0.196292
0 0.97632 0.560098 0.0468052 0.178957 0.18322
0 0.0820815 0.713664 0.0245528 0.104779 0.163522
0 0.898661 0.794054 0.0233839 0.0886969 0.159129
30 0.523558 0.691013 0.0646831 0.373304 0.149993
0 0.165853 0.126496 0.0288863 0.108231 0.130837
0 0.143945 0.234268 0.0391116 0.10817 0.127567
0 0.735922 0.651454 0.0274038 0.0836151 0.122216
0 0.248418 0.283894 0.0536588 0.0970378 0.111934
0 0.878553 0.63673 0.0251533 0.0931234 0.111041
0 0.403149 0.962014 0.0508808 0.0758854 0.107347
0 0.40599 0.051172 0.0236482 0.0989039 0.103369
0 0.493738 0.192792 0.031104 0.106228 0.101125
