0 0.984985 0.751712 0.0295929 0.292501 0.384672
0 0.901807 0.796718 0.0275532 0.0950646 0.383191
0 0.75293 0.929698 0.0279644 0.0900025 0.312008
0 0.523089 0.955403 0.0665569 0.088565 0.310036
0 0.81595 0.750772 0.0241197 0.105993 0.295951
0 0.922426 0.44387 0.0244552 0.0986019 0.290845
0 0.300502 0.859362 0.037325 0.103547 0.211109
0 0.0568752 0.212059 0.026218 0.100614 0.193675
0 0.557356 0.429005 0.0299122 0.102301 0.188475
0 0.514643 0.954201 0.0475687 0.0899402 0.184956
0 0.630148 0.175589 0.0224115 0.103358 0.182617
0 0.352 0.148559 0.026114 0.104265 0.178538
0 0.801965 0.0877321 0.0240599 0.104479 0.175802
0 0.739252 0.942378 0.0554514 0.115244 0.169431
0 0.05524 0.980474 0.0255507 0.0390519 0.159371
30 0.336336 0.625224 0.0637936 0.456561 0.155587
0 0.488692 0.439152 0.0285497 0.0992107 0.149324
0 0.771284 0.622188 0.0286498 0.0959361 0.134538
0 0.606304 0.98513 0.0177243 0.0297397 0.132788
0 0.619014 0.81319 0.0402899 0.151747 0.129891
30 0.307553 0.656675 0.0636775 0.469254 0.116568
30 0.317122 0.634674 0.0749519 0.479573 0.116302
0 0.851913 0.648677 0.0292965 0.0998744 0.114188
0 0.529213 0.0587591 0.0235941 0.109687 0.112814
0 0.142554 0.931546 0.0332071 0.0759978 0.10511
0 0.148983 0.317115 0.0351474 0.124807 0.102667
0 0.213831 0.0471964 0.0218667 0.0943927 0.101904
