0 0.103815 0.803805 0.0382124 0.10752 0.478489
0 0.506489 0.86649 0.0258162 0.0911629 0.452169
0 0.939844 0.78308 0.0335464 0.11734 0.414557
0 0.811316 0.971657 0.0363224 0.0566868 0.397337
0 0.778126 0.186427 0.0279087 0.0853275 0.394352
0 0.137618 0.871811 0.034789 0.0856417 0.349742
0 0.41863 0.041078 0.021422 0.082156 0.34344
0 0.446718 0.852629 0.0243198 0.0799776 0.30418
0 0.578468 0.945069 0.030189 0.109048 0.301555
0 0.114773 0.920803 0.0362118 0.0994453 0.285005
0 0.660594 0.813178 0.0359414 0.0920826 0.261429
0 0.383391 0.280912 0.0204399 0.0920484 0.250394
0 0.636237 0.675771 0.024118 0.0936642 0.226838
0 0.016462 0.950389 0.0319766 0.0992223 0.225839
0 0.0478062 0.664411 0.0325638 0.13481 0.208088
0 0.0558818 0.211997 0.028615 0.0972801 0.206486
0 0.422761 0.885391 0.0272728 0.0593765 0.204979
0 0.603842 0.955253 0.0272845 0.0854182 0.200069
9 0.197083 0.0327584 0.0296127 0.0594085 0.199782
0 0.60393 0.74169 0.0340613 0.0917936 0.19224
0 0.92282 0.509022 0.0266651 0.100533 0.176132
0 0.0153795 0.971402 0.0299355 0.0571969 0.174394
0 0.761296 0.97469 0.0292591 0.0506194 0.169066
0 0.32413 0.296596 0.0198415 0.0987086 0.168951
0 0.433366 0.958812 0.0389416 0.081299 0.161269
0 0.208298 0.68947 0.0547214 0.259825 0.159127
0 0.939708 0.806455 0.0328453 0.0695931 0.135977
0 0.0170437 0.922985 0.0314705 0.0618043 0.128641
0 0.0203796 0.94163 0.036536 0.101865 0.113694
0 0.166578 0.535828 0.0271287 0.0895485 0.106267
0 0.740183 0.957183 0.0263483 0.0842286 0.104968
30 0.367698 0.53561 0.0857806 0.426059 0.102623
