0 0.764526 0.951528 0.0329227 0.095762 0.476922
0 0.70137 0.450234 0.0226972 0.104318 0.425688
0 0.28418 0.0515745 0.0279529 0.103149 0.355727
0 0.75492 0.417706 0.024746 0.106092 0.326818
0 0.645545 0.899906 0.0242274 0.0915784 0.289304
0 0.766635 0.945896 0.0259571 0.0846993 0.231515
0 0.565521 0.977652 0.0291098 0.0446963 0.216794
0 0.7137 0.62724 0.0231701 0.0992773 0.20434
0 0.170754 0.949296 0.0346365 0.0949874 0.204253
0 0.812648 0.603435 0.0392696 0.145477 0.200713
0 0.804809 0.728707 0.0347366 0.101958 0.192394
0 0.303118 0.219155 0.0240548 0.10634 0.17727
0 0.595641 0.253884 0.032329 0.132003 0.139056
0 0.126162 0.230477 0.0388651 0.120936 0.124591
0 0.51346 0.982907 0.0233232 0.0341853 0.122898
0 0.590863 0.280127 0.0279678 0.0998412 0.115756
0 0.223213 0.867725 0.0325187 0.0776752 0.113898
0 0.365062 0.198851 0.0319345 0.106361 0.112802
0 0.812902 0.642036 0.0395702 0.219991 0.111039
0 0.598029 0.237098 0.0278467 0.0991263 0.110998
0 0.319639 0.953663 0.038187 0.0926274 0.109091
0 0.630375 0.441023 0.0200517 0.0881343 0.101808
