0 0.737996 0.973472 0.0277513 0.0530556 0.518914
0 0.901201 0.767095 0.024288 0.0899518 0.453019
0 0.348248 0.960257 0.0421549 0.0794855 0.416719
0 0.602143 0.807681 0.0303709 0.10906 0.294856
0 0.486542 0.840368 0.0472182 0.159515 0.293376
0 0.755151 0.887337 0.0317906 0.103984 0.291311
0 0.69915 0.211441 0.0277791 0.0891651 0.276262
0 0.667382 0.957119 0.0407703 0.0857612 0.263928
0 0.365668 0.0702688 0.0238773 0.110399 0.251749
0 0.120275 0.935201 0.0387741 0.12272 0.246903
0 0.970215 0.676275 0.0370598 0.110839 0.245201
0 0.128472 0.217693 0.0287089 0.0954395 0.225905
0 0.0240599 0.810379 0.0481198 0.139253 0.224016
0 0.604667 0.796169 0.0257057 0.084047 0.211992
0 0.110913 0.0466857 0.0260791 0.088803 0.210488
0 0.532589 0.956775 0.0734451 0.0864509 0.206141
0 0.421733 0.865593 0.0296725 0.0886008 0.19936
9 0.289509 0.0223366 0.0265668 0.0446732 0.198063
0 0.522369 0.934252 0.0503658 0.130542 0.195576
0 0.608641 0.908413 0.0276829 0.0815027 0.19523
0 0.856136 0.487166 0.0308944 0.101695 0.185147
0 0.427968 0.83008 0.0287061 0.117975 0.177356
0 0.580298 0.794577 0.0185411 0.0871548 0.16525
0 0.66864 0.946727 0.0345334 0.0633712 0.162702
0 0.533835 0.740096 0.0240474 0.0980327 0.15485
0 0.0727035 0.795194 0.0422117 0.0937532 0.152616
0 0.608479 0.892243 0.0251948 0.0489277 0.151439
0 0.116885 0.916766 0.0290787 0.0858796 0.147198
0 0.222881 0.281962 0.0249033 0.0921189 0.135502
0 0.523026 0.905486 0.0255142 0.0740188 0.132967
0 0.110498 0.39035 0.0629346 0.182074 0.128793
0 0.358584 0.78779 0.0436808 0.161644 0.128156
0 0.18308 0.786445 0.0373566 0.116799 0.124701
0 0.908547 0.406508 0.030975 0.112764 0.121081
0 0.974576 0.683017 0.0293259 0.102071 0.119001
0 0.424668 0.853184 0.0344874 0.0985101 0.110388
0 0.366076 0.802694 0.0295049 0.0805434 0.110062
0 0.782296 0.872482 0.0280179 0.0987479 0.104869
0 0.484603 0.873705 0.044475 0.0908688 0.101138
