0 0.596583 0.971497 0.0364792 0.0570059 0.439541
0 0.171039 0.81589 0.0308325 0.139825 0.367457
0 0.202577 0.956833 0.0394045 0.0863347 0.334679
0 0.0142515 0.869443 0.028503 0.107723 0.318407
0 0.702153 0.94017 0.0454576 0.104391 0.308323
0 0.0358748 0.970186 0.0256339 0.0596274 0.305537
0 0.24868 0.0478519 0.0429606 0.09214 0.299472
0 0.84181 0.707534 0.0338917 0.123672 0.299103
0 0.943428 0.93717 0.0443405 0.118591 0.285373
0 0.0973848 0.21594 0.0503548 0.12161 0.25882
0 0.228363 0.805006 0.0403547 0.0873651 0.221095
3 0.160248 0.20539 0.0629726 0.108298 0.209119
0 0.737696 0.451363 0.0236826 0.0956416 0.198239
0 0.0677261 0.976937 0.0292004 0.0461265 0.195759
0 0.89729 0.776407 0.0221684 0.0899254 0.190634
0 0.539211 0.928417 0.0295746 0.0851694 0.173031
0 0.26983 0.8636 0.0288462 0.0990193 0.154627
0 0.0343689 0.817179 0.0402286 0.0824301 0.152025
0 0.788471 0.419663 0.0325515 0.0993491 0.149051
0 0.222236 0.172487 0.0246236 0.0922655 0.148391
0 0.0904212 0.147494 0.0258829 0.0881233 0.138785
0 0.501924 0.795715 0.0243633 0.0982891 0.13694
0 0.421351 0.827871 0.0231321 0.0820558 0.13207
0 0.278258 0.953828 0.0437112 0.0847327 0.12715
0 0.668606 0.44585 0.0368584 0.100595 0.125874
0 0.53996 0.917393 0.0269306 0.0666273 0.121196
0 0.668556 0.464194 0.037772 0.141355 0.117031
0 0.557972 0.983907 0.0267109 0.0321869 0.110666
0 0.701941 0.960296 0.047048 0.0685526 0.110411
0 0.379864 0.929507 0.0571852 0.137449 0.103126
