0 0.0456877 0.942837 0.0406195 0.114326 0.532183
0 0.757611 0.195912 0.0330338 0.087182 0.451159
0 0.639548 0.808935 0.0250255 0.0969128 0.42119
9 0.217769 0.0296938 0.0369982 0.0593876 0.399719
0 0.152715 0.903253 0.0678745 0.140271 0.332884
0 0.142766 0.925555 0.0450481 0.112626 0.332585
0 0.929195 0.771264 0.0308712 0.103173 0.309672
0 0.961394 0.0792853 0.0239631 0.0866128 0.301743
0 0.155094 0.498221 0.0208298 0.0932649 0.269241
0 0.18311 0.566416 0.0330642 0.15127 0.259761
0 0.117754 0.733634 0.0437452 0.218392 0.234714
0 0.0771404 0.21788 0.0340015 0.0957826 0.233211
31 0.143983 0.963959 0.0458376 0.0337147 0.228196
0 0.123818 0.796408 0.0323769 0.09265 0.227766
0 0.156728 0.205479 0.0260105 0.0955941 0.212466
0 0.22166 0.784311 0.0293713 0.104343 0.197696
0 0.798927 0.969572 0.0327667 0.0608553 0.193743
0 0.437436 0.038066 0.0211016 0.076132 0.19203
0 0.904765 0.508245 0.0319229 0.102021 0.18603
0 0.0532955 0.047172 0.0282815 0.090276 0.174732
0 0.587654 0.95919 0.0376301 0.0806947 0.174383
30 0.0966866 0.631962 0.0700785 0.423495 0.16954
0 0.304143 0.796568 0.0304784 0.0916788 0.16134
0 0.797947 0.713778 0.0282724 0.141219 0.159925
0 0.410678 0.958541 0.0447824 0.0829178 0.153086
0 0.58683 0.931987 0.0370043 0.132112 0.149746
0 0.160943 0.887636 0.0507 0.110071 0.148303
0 0.537142 0.839171 0.0391396 0.172419 0.14759
30 0.14819 0.640455 0.0439336 0.372013 0.14723
30 0.0472893 0.543743 0.0945787 0.482988 0.147096
0 0.974827 0.566958 0.0245874 0.0919313 0.143167
0 0.484219 0.866948 0.021961 0.0854442 0.140144
0 0.424462 0.853281 0.023643 0.0808427 0.134104
30 0.167456 0.671563 0.063673 0.344605 0.133901
0 0.387069 0.383521 0.0464661 0.158093 0.130442
0 0.960651 0.403535 0.0367129 0.126881 0.128547
0 0.286875 0.252987 0.0422197 0.154673 0.127315
0 0.22111 0.77345 0.0253393 0.0874694 0.11783
0 0.118399 0.700252 0.041876 0.169487 0.112425
0 0.583089 0.916102 0.0314059 0.124448 0.105293
30 0.372695 0.571635 0.077027 0.512473 0.10396
0 0.840788 0.581813 0.04104 0.0969237 0.102689
31 0.144213 0.972409 0.048051 0.0487066 0.101805
30 0.568465 0.505831 0.048842 0.435958 0.100728
