0 0.968781 0.555497 0.0268268 0.0894061 0.440358
0 0.92628 0.54001 0.0217819 0.0963826 0.414305
0 0.771321 0.957773 0.0307966 0.0787538 0.401728
0 0.823836 0.631665 0.0398556 0.0898338 0.353928
0 0.576132 0.868228 0.028894 0.0879675 0.352563
0 0.703244 0.528121 0.039096 0.0903266 0.34858
0 0.804079 0.867656 0.0342766 0.100694 0.333183
0 0.656558 0.799105 0.0375313 0.111203 0.297447
0 0.244914 0.940505 0.034381 0.117934 0.26764
0 0.165855 0.814558 0.0338831 0.0871084 0.264906
0 0.902426 0.982903 0.0199337 0.0341934 0.247371
0 0.14185 0.157715 0.0319635 0.102073 0.206854
0 0.70996 0.756177 0.0275387 0.0913411 0.205271
0 0.464572 0.825498 0.0312367 0.119355 0.194523
0 0.685649 0.251264 0.0307469 0.121354 0.191526
0 0.709181 0.736342 0.0273355 0.115072 0.189353
0 0.426079 0.973963 0.030682 0.0520736 0.171605
0 0.383306 0.0679674 0.0269681 0.121732 0.154478
0 0.675544 0.429006 0.0299614 0.11833 0.15229
0 0.367625 0.171838 0.0317313 0.137389 0.145872
0 0.679889 0.651905 0.0280981 0.0936379 0.143102
0 0.653036 0.790105 0.0259623 0.0929424 0.14304
0 0.786557 0.41047 0.0343175 0.111758 0.142694
0 0.678862 0.641064 0.0244392 0.0720018 0.1397
0 0.594949 0.290815 0.030041 0.0976036 0.135185
0 0.0964478 0.250425 0.0395954 0.100263 0.132918
0 0.223157 0.980048 0.0226836 0.0399035 0.132804
0 0.531632 0.636198 0.024206 0.0975562 0.129261
0 0.612684 0.633254 0.0330801 0.090194 0.111316
0 0.707347 0.715066 0.0200169 0.0766449 0.106759
0 0.898 0.792009 0.0216343 0.0872064 0.106675
0 0.3676 0.199286 0.0340206 0.0855265 0.10428
0 0.20442 0.26045 0.0385338 0.119556 0.102268
