0 0.49437 0.864424 0.0570307 0.108192 0.540106
0 0.77186 0.963864 0.0403406 0.072271 0.475303
0 0.725003 0.960168 0.0385948 0.0796634 0.344949
0 0.855879 0.235696 0.0349642 0.0941857 0.330972
0 0.570576 0.852858 0.0333065 0.10514 0.282916
0 0.815371 0.830778 0.0336159 0.106223 0.280039
0 0.692669 0.10167 0.0192272 0.0923351 0.264105
30 0.233808 0.501146 0.0664474 0.335027 0.222523
30 0.315652 0.543697 0.0639281 0.35292 0.214881
0 0.157241 0.967096 0.0422953 0.0658085 0.214842
0 0.881748 0.317548 0.0350205 0.0954446 0.206377
0 0.50455 0.98073 0.0337952 0.0385399 0.190663
0 0.801549 0.311005 0.0326418 0.104265 0.183646
0 0.787672 0.787305 0.0298555 0.140598 0.183239
0 0.0495454 0.8422 0.0393333 0.0936493 0.182332
0 0.332964 0.320779 0.0251445 0.148317 0.170949
0 0.747593 0.185493 0.0270435 0.0996146 0.170127
0 0.524875 0.333974 0.0216517 0.0889441 0.166277
0 0.655396 0.601243 0.0371325 0.0945643 0.162188
0 0.24689 0.149568 0.0252143 0.102019 0.154992
0 0.00717219 0.96177 0.0143141 0.0764609 0.14554
0 0.0784742 0.265716 0.0380645 0.0981696 0.144937
0 0.98922 0.686224 0.0212252 0.38579 0.143067
0 0.989235 0.611948 0.020983 0.234035 0.138087
0 0.960128 0.626166 0.0252387 0.0939472 0.136499
0 0.283955 0.31932 0.0308897 0.10911 0.133115
0 0.712174 0.79246 0.0329537 0.122621 0.129752
0 0.143929 0.855102 0.0285708 0.0945622 0.117217
0 0.364702 0.30815 0.026277 0.119962 0.112459
0 0.708746 0.48197 0.0153551 0.0747825 0.107618
