0 0.759847 0.95707 0.0504191 0.0858596 0.505472
0 0.80904 0.871986 0.044992 0.105888 0.49457
0 0.571196 0.869325 0.0399639 0.0903635 0.423349
0 0.649959 0.798041 0.0240527 0.115359 0.401888
0 0.244373 0.945587 0.0319826 0.108827 0.342262
0 0.703757 0.526669 0.034668 0.0930426 0.310798
0 0.680998 0.253256 0.0418691 0.133231 0.297688
0 0.42161 0.971205 0.0294319 0.0575908 0.277006
0 0.712213 0.740889 0.0257519 0.118826 0.269164
0 0.680598 0.424141 0.0253008 0.13414 0.259844
0 0.114672 0.89029 0.0395959 0.0687579 0.214987
0 0.0706625 0.80015 0.0235645 0.106473 0.212827
0 0.586963 0.287982 0.0347628 0.0987212 0.193927
0 0.893309 0.980875 0.0243581 0.0382492 0.190314
0 0.458894 0.82331 0.0390177 0.120662 0.183411
30 0.0463969 0.906358 0.0442752 0.0348886 0.173047
0 0.897738 0.790727 0.0226804 0.0861439 0.170801
0 0.147489 0.953226 0.0356018 0.0935019 0.169101
0 0.350751 0.9825 0.0327677 0.0349999 0.167025
0 0.202425 0.253529 0.0409416 0.12032 0.166983
0 0.316882 0.834348 0.0357777 0.164306 0.163323
0 0.136443 0.159639 0.0281801 0.104533 0.156095
0 0.161014 0.819562 0.0263746 0.0870672 0.154176
0 0.537528 0.947582 0.0523731 0.104836 0.135902
0 0.818875 0.628929 0.0312114 0.0859266 0.135159
33 0.714404 0.0187814 0.0261949 0.0375627 0.13171
0 0.193977 0.876097 0.0390623 0.111446 0.131084
0 0.672444 0.654413 0.0280176 0.0972091 0.114181
0 0.146699 0.937772 0.0371226 0.079308 0.109922
0 0.092302 0.250771 0.0403832 0.101403 0.108097
0 0.458224 0.838874 0.0440266 0.0950498 0.107692
0 0.234886 0.368486 0.0270082 0.0928243 0.103623
0 0.794286 0.445373 0.0442414 0.197635 0.100009
