0 0.739528 0.9738 0.0281694 0.0524008 0.473401
0 0.901687 0.768936 0.02565 0.0935665 0.379
0 0.425897 0.842435 0.0310997 0.132041 0.37363
0 0.352718 0.957325 0.0450132 0.0853495 0.324657
0 0.858621 0.486501 0.0297596 0.0990704 0.280745
0 0.126302 0.217139 0.0301965 0.0955482 0.258717
0 0.366539 0.069236 0.0228552 0.113913 0.253862
0 0.699992 0.210558 0.0308875 0.0879002 0.231753
0 0.974165 0.672299 0.0336939 0.111235 0.228936
0 0.118667 0.936596 0.0392414 0.124185 0.222434
9 0.287636 0.023394 0.0247521 0.046788 0.20469
0 0.489349 0.850942 0.0536794 0.136096 0.201022
0 0.108818 0.0476281 0.0266755 0.0908404 0.190022
0 0.423901 0.865493 0.0327424 0.0901804 0.188634
0 0.755027 0.889969 0.0297297 0.0941728 0.182552
0 0.601253 0.818962 0.0316029 0.124501 0.180691
0 0.667727 0.957935 0.0424927 0.0841298 0.17191
0 0.0868828 0.227661 0.0342934 0.106524 0.148183
0 0.611867 0.909167 0.030774 0.0822572 0.144209
0 0.117628 0.919828 0.0328194 0.0929818 0.142612
0 0.527426 0.958785 0.0568798 0.0824309 0.139776
0 0.363656 0.9577 0.0697751 0.084599 0.130499
0 0.602742 0.80576 0.0286459 0.0947545 0.126777
0 0.537136 0.96041 0.0639276 0.0791798 0.125908
0 0.486072 0.863305 0.0451631 0.105051 0.12584
0 0.927485 0.546859 0.0269813 0.0924872 0.11115
0 0.0698568 0.793345 0.0372554 0.0941355 0.11085
30 0.280596 0.443534 0.0469646 0.286478 0.110375
0 0.525966 0.959952 0.0393021 0.0800957 0.109715
0 0.359119 0.79668 0.0446074 0.180289 0.109133
0 0.459036 0.471514 0.0366627 0.127588 0.108283
0 0.20951 0.20328 0.0284964 0.104138 0.104913
0 0.910516 0.407675 0.0340691 0.116861 0.102451
