0 0.774497 0.958944 0.0407902 0.0821121 0.597523
0 0.531444 0.859879 0.0314995 0.101391 0.582412
0 0.465699 0.97108 0.0377178 0.057839 0.527361
0 0.61754 0.826053 0.0252605 0.101383 0.410177
0 0.665145 0.839086 0.0236774 0.0987716 0.407598
0 0.706475 0.202889 0.0224651 0.0850853 0.335177
0 0.817797 0.763284 0.043196 0.145009 0.311745
0 0.814962 0.783346 0.0483488 0.188255 0.302812
0 0.79694 0.620778 0.0491581 0.155528 0.280049
0 0.565959 0.223334 0.0205806 0.0942527 0.261764
0 0.708947 0.827899 0.0260157 0.0915889 0.25755
0 0.294552 0.136312 0.037091 0.0994614 0.230862
30 0.333635 0.599084 0.0647146 0.52005 0.220232
30 0.458848 0.558527 0.0575128 0.439311 0.206511
0 0.155788 0.960837 0.0409036 0.0776478 0.195629
0 0.787669 0.189956 0.0274578 0.100432 0.195603
0 0.492829 0.624749 0.0269917 0.117611 0.18191
0 0.484729 0.328917 0.0301675 0.101439 0.175235
0 0.455437 0.0884552 0.0342718 0.110308 0.171504
30 0.0495951 0.504707 0.0888237 0.341116 0.168698
0 0.829991 0.972337 0.0270321 0.0553254 0.163161
0 0.608964 0.223758 0.0301157 0.0874311 0.161401
0 0.763134 0.791312 0.0453026 0.208073 0.160473
30 0.327358 0.590477 0.0854651 0.563574 0.150748
0 0.404373 0.312219 0.0266025 0.103492 0.146929
0 0.909839 0.778956 0.02001 0.0829171 0.146573
0 0.206389 0.229327 0.0319654 0.108374 0.145252
0 0.534015 0.279724 0.032542 0.121255 0.143498
0 0.428996 0.321598 0.0192818 0.0954904 0.139381
30 0.299416 0.642643 0.0584676 0.265608 0.128643
0 0.126039 0.37515 0.0258583 0.102685 0.128557
0 0.758527 0.769293 0.0573728 0.248891 0.122274
0 0.0982173 0.183376 0.0258298 0.0954702 0.110929
0 0.741434 0.102573 0.0227758 0.0885969 0.109221
0 0.531674 0.298044 0.0344404 0.0840285 0.106286
0 0.164164 0.29622 0.0268719 0.0918703 0.102686
0 0.921707 0.315776 0.0326837 0.0972742 0.102416
