0 0.5326 0.953471 0.0619207 0.0930586 0.507325
0 0.626292 0.813509 0.0390751 0.142765 0.380602
0 0.631736 0.164802 0.0212208 0.10076 0.348725
0 0.851563 0.571926 0.0265868 0.124214 0.348602
0 0.903876 0.795155 0.0304382 0.0944688 0.345877
0 0.0780515 0.889333 0.0408816 0.111118 0.302338
0 0.820699 0.747755 0.0325702 0.108733 0.275676
0 0.30399 0.860682 0.0446863 0.105796 0.272168
0 0.0158064 0.870286 0.0316016 0.102682 0.256272
0 0.30161 0.876515 0.0511991 0.142343 0.238563
0 0.750801 0.943282 0.049094 0.113435 0.230292
0 0.911067 0.795591 0.0435846 0.097038 0.224624
0 0.773296 0.625114 0.0330404 0.097878 0.212924
0 0.459812 0.863301 0.0333212 0.0818675 0.163383
0 0.0468667 0.980756 0.0305736 0.0384878 0.155037
30 0.0367385 0.618951 0.0734771 0.403431 0.152642
30 0.44035 0.598615 0.0690615 0.55019 0.149723
0 0.853816 0.59664 0.0290733 0.168468 0.14431
30 0.272061 0.382819 0.0289742 0.18573 0.143282
0 0.0672776 0.211128 0.0314098 0.0963876 0.13941
30 0.447461 0.654483 0.0602246 0.425457 0.133155
30 0.341665 0.618914 0.0515839 0.449734 0.132937
0 0.315336 0.969573 0.0257612 0.0608542 0.131786
0 0.254271 0.185131 0.0388136 0.130885 0.130506
0 0.682932 0.663188 0.0263758 0.101624 0.129578
0 0.217768 0.047111 0.0222347 0.094222 0.127728
0 0.502986 0.194886 0.0364717 0.0918317 0.124549
0 0.194476 0.744069 0.024103 0.0752298 0.123267
0 0.144733 0.912707 0.0352008 0.100789 0.118833
0 0.76028 0.921426 0.0308358 0.0717623 0.111594
0 0.614196 0.98405 0.0202353 0.0318999 0.108105
0 0.351276 0.155823 0.0234575 0.108341 0.106851
30 0.573819 0.88797 0.0283569 0.095475 0.106666
0 0.524042 0.288873 0.0274715 0.0737131 0.104742
0 0.89936 0.307204 0.0220921 0.0826458 0.103458
30 0.356529 0.629087 0.0769924 0.466613 0.101452
0 0.375493 0.158914 0.0257111 0.102836 0.101211
0 0.100041 0.363062 0.0312274 0.121407 0.100362
0 0.587784 0.191634 0.0295479 0.0985777 0.100333
