0 0.719307 0.97386 0.0330519 0.0522802 0.529732
0 0.362108 0.0932918 0.0245837 0.113997 0.482192
0 0.137364 0.914402 0.02743 0.0824294 0.424695
0 0.76141 0.852253 0.0338 0.0965906 0.409287
0 0.956371 0.677708 0.0345968 0.114257 0.392209
0 0.508223 0.0381728 0.0291681 0.0763455 0.389831
0 0.655457 0.954846 0.0224395 0.0849264 0.383959
0 0.610801 0.780799 0.0251703 0.108388 0.371782
0 0.198879 0.78519 0.0457128 0.124837 0.369355
0 0.0925436 0.795227 0.0445255 0.0964302 0.360568
0 0.680896 0.216585 0.0338744 0.093783 0.358965
0 0.501776 0.962167 0.0232134 0.0756654 0.354185
0 0.904008 0.767397 0.0198499 0.0866698 0.34701
0 0.899689 0.769045 0.0284174 0.0901423 0.297713
0 0.566199 0.795615 0.0292978 0.0838203 0.297523
0 0.785995 0.844469 0.0323118 0.104642 0.297336
0 0.545803 0.917248 0.0226298 0.0933793 0.277658
0 0.729167 0.772406 0.038028 0.116311 0.25882
0 0.134023 0.0471187 0.0418868 0.0890079 0.217929
0 0.679986 0.405871 0.0249752 0.0984143 0.192538
0 0.557398 0.395839 0.0244926 0.0997018 0.182894
0 0.329257 0.954136 0.0387379 0.0832613 0.180979
0 0.840386 0.485106 0.0335665 0.0993409 0.175159
0 0.0654915 0.977386 0.0414409 0.0452273 0.16489
0 0.148352 0.216879 0.0404515 0.102217 0.154281
0 0.327343 0.624555 0.0222698 0.0850464 0.151942
9 0.303832 0.0219795 0.0373686 0.043959 0.151802
0 0.787762 0.821877 0.0264963 0.0604968 0.137737
0 0.701443 0.574123 0.0515304 0.104601 0.135658
0 0.377659 0.754312 0.0250593 0.088407 0.133187
0 0.226753 0.198189 0.0262776 0.102183 0.130556
0 0.328847 0.841177 0.0219571 0.07658 0.128161
0 0.300535 0.790448 0.0293363 0.0967268 0.124354
0 0.589259 0.905817 0.0395033 0.0960652 0.117463
0 0.901563 0.0888102 0.028941 0.0876798 0.115408
0 0.231876 0.922408 0.0388406 0.102825 0.113263
0 0.778683 0.581421 0.0358868 0.102514 0.112133
0 0.141844 0.218303 0.0277621 0.0991996 0.111304
0 0.603054 0.422269 0.0221066 0.0845999 0.107493
0 0.544345 0.922987 0.0310001 0.103654 0.100378
