0 0.145835 0.970632 0.038549 0.058735 0.568594
0 0.0329824 0.94924 0.0333383 0.101521 0.532175
0 0.192123 0.0469258 0.0340176 0.0933723 0.417015
0 0.609599 0.209902 0.0263404 0.0871596 0.385757
0 0.417564 0.968107 0.028536 0.0637864 0.349372
0 0.343241 0.152584 0.0309002 0.104713 0.344239
0 0.891306 0.724914 0.0363761 0.187078 0.341851
0 0.0486489 0.218053 0.0409561 0.110233 0.328976
0 0.170447 0.185983 0.0228717 0.0855435 0.327098
0 0.647344 0.971718 0.0299967 0.0565646 0.290632
0 0.255326 0.962318 0.0351342 0.0742569 0.268449
0 0.0684816 0.80692 0.0450045 0.150104 0.268289
0 0.268311 0.78218 0.0343014 0.123673 0.24312
0 0.21821 0.925465 0.0351304 0.0736985 0.230661
3 0.122522 0.222469 0.0514304 0.109214 0.225842
0 0.594186 0.95228 0.0454775 0.0946203 0.221111
0 0.283184 0.199059 0.0267464 0.102691 0.216664
0 0.408268 0.969453 0.0475874 0.0610946 0.215586
0 0.366897 0.805746 0.0298805 0.0835276 0.207704
0 0.374727 0.824947 0.0467204 0.115508 0.183704
0 0.0650012 0.181221 0.0236041 0.0846075 0.178616
0 0.0426367 0.215272 0.029955 0.105446 0.153647
0 0.317363 0.929681 0.0440784 0.101178 0.150757
0 0.202791 0.20812 0.0293177 0.101192 0.15026
0 0.331743 0.870763 0.0418123 0.119108 0.14348
0 0.63758 0.936019 0.0285272 0.116873 0.127602
0 0.230107 0.315186 0.0282261 0.0891618 0.121587
0 0.124117 0.222992 0.0465961 0.107377 0.120865
0 0.0970645 0.168055 0.0400515 0.129705 0.109914
33 0.564995 0.034899 0.0228893 0.069798 0.108635
0 0.218265 0.934585 0.0405126 0.0898151 0.106947
0 0.0894383 0.171912 0.028181 0.134013 0.106118
0 0.196545 0.624109 0.0278602 0.0718914 0.102513
0 0.679834 0.6883 0.0273746 0.0881468 0.10184
0 0.639867 0.961334 0.0389129 0.0773316 0.10132
0 0.848868 0.528253 0.0220581 0.0887192 0.101135
0 0.215879 0.570475 0.0225894 0.0893537 0.101062
0 0.834174 0.410019 0.0320807 0.117195 0.100167
