0 0.859278 0.967193 0.037965 0.065613 0.452062
0 0.0492796 0.84934 0.0658397 0.199787 0.449334
0 0.760959 0.941702 0.0252844 0.0960161 0.417378
0 0.978376 0.788863 0.0278435 0.106234 0.399356
0 0.361754 0.0475997 0.0242621 0.0826235 0.390659
0 0.65952 0.965037 0.0345106 0.0699251 0.382031
0 0.13813 0.780788 0.0295188 0.100699 0.370103
0 0.217122 0.767247 0.0279792 0.127309 0.312954
0 0.346353 0.877999 0.0354623 0.0765441 0.304085
0 0.567325 0.845976 0.0236574 0.0724846 0.302855
0 0.342604 0.884449 0.0424769 0.0912641 0.274805
0 0.727059 0.805513 0.0276869 0.0883149 0.260384
0 0.796467 0.96226 0.0260286 0.0689217 0.227644
0 0.622538 0.883851 0.0279299 0.0949262 0.206384
0 0.496445 0.961395 0.040322 0.077211 0.202045
0 0.0457747 0.816858 0.0565474 0.151732 0.194447
0 0.0366618 0.872683 0.04179 0.16373 0.16888
0 0.150012 0.659559 0.0299086 0.0994813 0.163974
0 0.837212 0.169403 0.027261 0.0872998 0.156044
0 0.13561 0.612167 0.0310688 0.0993522 0.148971
0 0.266779 0.289822 0.036 0.141493 0.147034
0 0.657055 0.74427 0.0262741 0.099023 0.139277
0 0.488385 0.960719 0.0251203 0.0765513 0.128092
0 0.501759 0.96988 0.0284556 0.0601807 0.124985
0 0.0391857 0.795445 0.0392179 0.104719 0.124977
0 0.272425 0.276817 0.0251145 0.114522 0.121402
0 0.216168 0.74767 0.0259738 0.0885846 0.120055
0 0.687823 0.665945 0.0222914 0.0941396 0.119167
0 0.219527 0.794144 0.0254114 0.0800554 0.114157
30 0.360799 0.0911591 0.0287772 0.0306633 0.114007
0 0.662268 0.441796 0.0310888 0.0998441 0.112234
0 0.237158 0.528312 0.0268653 0.0608219 0.104302
