0 0.541743 0.95605 0.0418752 0.0879002 0.520136
0 0.907255 0.798624 0.033873 0.0949238 0.458287
0 0.982844 0.83815 0.0329621 0.0904201 0.444174
0 0.910312 0.806081 0.0424299 0.112767 0.353192
0 0.329649 0.859242 0.042558 0.0918829 0.313181
30 0.0446178 0.620835 0.0892355 0.515187 0.300437
0 0.789127 0.622093 0.0230141 0.0925384 0.268468
0 0.782345 0.936598 0.0358535 0.0863627 0.242351
30 0.231428 0.549205 0.0730671 0.451936 0.236788
0 0.77628 0.945261 0.0494034 0.106098 0.235378
0 0.902488 0.447879 0.026974 0.113233 0.217433
30 0.160904 0.621651 0.0860236 0.50084 0.21143
0 0.41097 0.833525 0.0419394 0.100121 0.197654
30 0.283562 0.589763 0.080434 0.416716 0.187958
0 0.537795 0.439344 0.0252374 0.113694 0.186321
0 0.546351 0.0466095 0.0251038 0.0932191 0.178269
2 0.0115512 0.0499825 0.0231024 0.0958163 0.168778
30 0.0972902 0.636843 0.0665674 0.366192 0.162089
30 0.157885 0.543929 0.0657124 0.353727 0.156357
30 0.361124 0.624653 0.0838356 0.497174 0.156253
0 0.669332 0.602247 0.0315117 0.0950969 0.151483
30 0.208665 0.557693 0.0910809 0.452371 0.144095
0 0.84025 0.564946 0.0320742 0.0815467 0.136765
0 0.871237 0.643303 0.0291428 0.092196 0.121041
30 0.296431 0.638183 0.0680746 0.474246 0.118845
0 0.536356 0.279206 0.0248206 0.0914356 0.115096
0 0.374968 0.173003 0.0256335 0.100375 0.107418
0 0.634465 0.829627 0.0316284 0.110151 0.105764
30 0.252984 0.536874 0.0695118 0.430294 0.105455
30 0.287996 0.61418 0.0915769 0.544885 0.105423
30 0.195615 0.600354 0.137215 0.565993 0.104997
30 0.179941 0.563026 0.0955617 0.32875 0.103856
0 0.620758 0.32028 0.02297 0.0846411 0.103211
0 0.594052 0.295988 0.020871 0.0673645 0.102647
0 0.030473 0.97939 0.0294645 0.04122 0.10141
