0 0.227121 0.0658587 0.0213589 0.0867709 0.528376
0 0.0808812 0.24165 0.0431237 0.156843 0.517613
0 0.0233946 0.13754 0.0324033 0.0945747 0.333417
0 0.159586 0.831112 0.0497989 0.0994142 0.307691
0 0.781742 0.900698 0.0395308 0.105854 0.278643
0 0.692635 0.908374 0.0262579 0.0817791 0.238181
0 0.86966 0.822464 0.0360249 0.0851567 0.232908
0 0.0100627 0.61351 0.0201254 0.172872 0.224504
33 0.969061 0.111763 0.0314415 0.0948198 0.198616
0 0.0861301 0.495401 0.0293686 0.0864481 0.189646
0 0.897507 0.939353 0.0460254 0.101256 0.185857
0 0.926181 0.975607 0.025018 0.0487865 0.174493
0 0.811371 0.975421 0.0249758 0.0491589 0.164253
0 0.126589 0.269849 0.0248785 0.0719513 0.158585
0 0.639862 0.973854 0.031045 0.0522917 0.142872
9 0.586668 0.381162 0.0216477 0.0852416 0.139744
0 0.715373 0.829032 0.0297412 0.0846154 0.138062
0 0.112236 0.325364 0.0239525 0.0923392 0.13522
0 0.0442857 0.412397 0.0231135 0.0829854 0.130475
9 0.647084 0.514442 0.0237571 0.0932939 0.130238
0 0.119521 0.305513 0.0356179 0.138148 0.121377
0 0.0814159 0.221464 0.0403703 0.117604 0.116078
0 0.0479307 0.0373003 0.0523578 0.0746006 0.116049
0 0.0191967 0.134889 0.0235356 0.0913445 0.115103
0 0.785144 0.835439 0.0290228 0.0900134 0.114891
0 0.127241 0.332395 0.0453003 0.105412 0.113955
0 0.126165 0.305563 0.0376747 0.143482 0.112557
0 0.924748 0.441234 0.0377293 0.123912 0.107001
