0 0.745552 0.959843 0.0408898 0.0803138 0.498727
0 0.509041 0.863857 0.0305988 0.0974088 0.490772
0 0.593591 0.850129 0.0331418 0.110515 0.405513
0 0.484645 0.976481 0.0364366 0.0470369 0.37741
0 0.803439 0.787482 0.0393074 0.179167 0.354286
0 0.267655 0.146817 0.0395424 0.107745 0.285355
0 0.680082 0.839852 0.0249751 0.0924063 0.2604
0 0.800921 0.969062 0.0268606 0.0618765 0.224469
0 0.864821 0.720278 0.0551973 0.122378 0.208303
0 0.782569 0.587517 0.0230628 0.0904466 0.178359
0 0.157247 0.965722 0.0402992 0.0685557 0.16757
30 0.292463 0.671956 0.0524454 0.318354 0.167531
0 0.983111 0.692877 0.03344 0.344363 0.155477
30 0.343385 0.604692 0.0714396 0.5123 0.14659
0 0.983974 0.600311 0.0312542 0.15935 0.14488
0 0.650404 0.811234 0.0284445 0.109768 0.134905
0 0.684168 0.216071 0.0214922 0.081817 0.129241
0 0.306322 0.0302749 0.0345336 0.0605497 0.124053
30 0.567551 0.525474 0.0409058 0.389333 0.123716
0 0.751275 0.442256 0.0234766 0.119555 0.122055
0 0.197077 0.252589 0.0303347 0.096571 0.114951
0 0.512418 0.277387 0.0342463 0.127232 0.111624
0 0.0972489 0.18292 0.0244 0.0971426 0.109663
0 0.336015 0.316605 0.0243942 0.10104 0.107563
30 0.405457 0.613193 0.0810786 0.439172 0.106705
0 0.587852 0.221394 0.0281845 0.088426 0.105695
30 0.300826 0.653796 0.0653284 0.368544 0.104818
30 0.167907 0.702377 0.0656775 0.340063 0.102913
30 0.385698 0.623086 0.0584594 0.435767 0.10262
