0 0.805901 0.961324 0.0276234 0.0773522 0.550985
0 0.680501 0.913195 0.0299953 0.0865181 0.517851
0 0.777282 0.741061 0.0291468 0.104726 0.4923
0 0.158255 0.946572 0.0316567 0.100865 0.452936
0 0.543333 0.974312 0.0415699 0.0513765 0.446318
0 0.870647 0.905398 0.0491152 0.104498 0.398041
0 0.676143 0.443716 0.0225528 0.0967852 0.378418
0 0.897512 0.784396 0.0232891 0.0888062 0.356043
0 0.280439 0.975 0.0309627 0.0500001 0.350827
0 0.670673 0.0249693 0.0279051 0.0485133 0.334234
0 0.148483 0.239437 0.038868 0.118045 0.319609
0 0.312971 0.0559791 0.0300506 0.106706 0.311037
0 0.624747 0.227844 0.0318701 0.0900233 0.288631
0 0.501401 0.850687 0.0417434 0.0952256 0.287084
0 0.80289 0.579297 0.022218 0.0900937 0.274693
0 0.482828 0.219906 0.0260742 0.0855415 0.261078
0 0.0821516 0.897656 0.0404302 0.0992764 0.253448
0 0.578539 0.790777 0.0187084 0.0962917 0.236637
0 0.502616 0.419005 0.0244242 0.0995219 0.206243
0 0.390223 0.799767 0.0453723 0.176012 0.193018
0 0.102136 0.982421 0.0249115 0.0351582 0.192392
0 0.101156 0.842433 0.0311503 0.133086 0.189369
0 0.729789 0.413335 0.0322792 0.114241 0.181224
0 0.898077 0.79943 0.025333 0.121047 0.180323
0 0.197689 0.864591 0.0318121 0.12361 0.151759
0 0.355029 0.959038 0.0221781 0.0806917 0.148786
30 0.262162 0.907417 0.039529 0.0419841 0.14485
0 0.391488 0.194711 0.0356997 0.10493 0.141104
0 0.0209664 0.790315 0.0419329 0.129393 0.136352
0 0.74468 0.634524 0.0233193 0.0922634 0.135276
0 0.604448 0.445568 0.0206444 0.0815405 0.131875
0 0.825943 0.575658 0.0193516 0.0763953 0.128583
0 0.62603 0.545046 0.0235491 0.108539 0.12734
0 0.16717 0.794024 0.028747 0.107871 0.124421
0 0.201413 0.216416 0.0273241 0.0973328 0.112817
0 0.477345 0.917367 0.0465346 0.105625 0.112496
0 0.014458 0.787868 0.0288953 0.127762 0.11239
0 0.260369 0.317678 0.0255031 0.0894224 0.107531
0 0.0291741 0.232983 0.0328445 0.110864 0.106299
0 0.621579 0.246593 0.0402542 0.126937 0.103412
0 0.394872 0.307197 0.0262817 0.0945953 0.100117
