0 0.937631 0.937676 0.0510721 0.118147 0.466642
0 0.0140306 0.8691 0.0280613 0.11388 0.435657
3 0.0999153 0.21972 0.0483165 0.123765 0.393729
0 0.896862 0.777111 0.0227276 0.0916742 0.378303
0 0.592914 0.97289 0.0370974 0.0542196 0.358404
0 0.25016 0.0470479 0.0391753 0.0940959 0.33659
0 0.0730164 0.972283 0.0328742 0.0554329 0.328517
0 0.0394299 0.971212 0.0267002 0.0575764 0.319496
0 0.718284 0.920891 0.0248271 0.0582363 0.295137
0 0.601854 0.878088 0.023865 0.0896905 0.290106
0 0.227412 0.164757 0.0165527 0.0770442 0.238961
3 0.161646 0.205828 0.0616457 0.109396 0.237134
0 0.204723 0.957596 0.0434797 0.0848075 0.232499
0 0.351456 0.974849 0.0276891 0.0503017 0.224506
0 0.100154 0.219466 0.0477122 0.120086 0.215855
0 0.787638 0.421841 0.0287484 0.0996247 0.208027
0 0.835936 0.712743 0.035581 0.115759 0.207767
0 0.713733 0.942063 0.0338442 0.103925 0.203666
0 0.173284 0.811269 0.0316315 0.139324 0.193111
0 0.918142 0.380321 0.0247967 0.093198 0.175343
0 0.327059 0.843532 0.0444804 0.124808 0.173132
0 0.427441 0.831861 0.0313665 0.0844441 0.170597
0 0.536278 0.93936 0.036276 0.106579 0.142526
0 0.507647 0.815479 0.0242641 0.141514 0.141741
0 0.734555 0.450528 0.0242526 0.0955105 0.141175
0 0.554635 0.983109 0.0237745 0.0337816 0.135706
0 0.0498897 0.674421 0.0364813 0.125235 0.13442
0 0.0367069 0.827799 0.0361487 0.104013 0.134218
0 0.0260231 0.196687 0.0299091 0.0927574 0.131674
0 0.506785 0.794311 0.0211695 0.0970993 0.127575
9 0.614625 0.0293024 0.0197789 0.0586049 0.123898
0 0.664116 0.44285 0.024766 0.0917826 0.117027
0 0.538171 0.927012 0.028021 0.0819656 0.111792
0 0.226747 0.169846 0.021674 0.0897521 0.110407
0 0.170572 0.857183 0.0219179 0.0622158 0.109899
0 0.091187 0.149118 0.0262094 0.0888582 0.107645
0 0.252948 0.207645 0.0328424 0.103491 0.105011
0 0.159711 0.164023 0.0568524 0.164795 0.103383
0 0.169287 0.131753 0.0327602 0.103439 0.102884
0 0.11824 0.793336 0.0323427 0.0983201 0.100165
