0 0.0588009 0.944124 0.0388928 0.111751 0.503137
0 0.747793 0.199202 0.0263355 0.0925066 0.474315
0 0.448958 0.0408858 0.0237005 0.0817715 0.470882
0 0.629468 0.806046 0.0342875 0.093431 0.456259
0 0.401203 0.957618 0.0416139 0.0826547 0.373214
0 0.919843 0.77889 0.0302347 0.120785 0.372004
0 0.234803 0.77935 0.0282669 0.0965738 0.354483
0 0.472426 0.864324 0.0312292 0.0827468 0.287624
30 0.325116 0.554552 0.0755842 0.519433 0.278624
0 0.583808 0.886034 0.0297392 0.0930674 0.278462
0 0.407446 0.844976 0.0243024 0.0642165 0.248199
0 0.379892 0.0398542 0.0216583 0.0797084 0.247941
9 0.235945 0.0286555 0.028426 0.0573111 0.227575
0 0.407482 0.851057 0.0296345 0.0775152 0.218142
0 0.132871 0.78904 0.0470709 0.113713 0.214821
0 0.897524 0.500967 0.0276474 0.0957623 0.211758
0 0.36608 0.273009 0.0265795 0.122099 0.204264
0 0.63865 0.552059 0.0229974 0.0977532 0.196897
30 0.280939 0.560478 0.0737981 0.508764 0.184346
0 0.0191974 0.785388 0.0383947 0.108675 0.183744
0 0.787131 0.704556 0.0260897 0.112056 0.183088
30 0.373714 0.576419 0.103264 0.530485 0.17912
0 0.950012 0.401013 0.0320227 0.130899 0.170344
0 0.529998 0.872309 0.0265963 0.104637 0.167067
0 0.163602 0.906891 0.0535061 0.131344 0.164652
30 0.0412883 0.541653 0.0825766 0.488299 0.162571
30 0.164924 0.487581 0.0847869 0.366426 0.160606
0 0.582558 0.90141 0.0326527 0.126147 0.153215
0 0.0565553 0.971395 0.0333896 0.0572104 0.140791
0 0.770585 0.949993 0.030724 0.100013 0.140226
0 0.0866809 0.218698 0.0307229 0.100897 0.130881
0 0.580386 0.961841 0.0331285 0.0731193 0.127698
30 0.278696 0.482882 0.0739761 0.362303 0.125472
0 0.964189 0.563183 0.0266235 0.0899092 0.120862
0 0.789472 0.97278 0.0245151 0.0544393 0.120743
0 0.294954 0.253643 0.0323565 0.159668 0.115302
0 0.94922 0.0797144 0.0311821 0.0887128 0.110441
0 0.368292 0.296057 0.0282528 0.169927 0.104526
0 0.712889 0.946835 0.0287778 0.065396 0.103628
