0 0.397469 0.968073 0.0274403 0.0638545 0.569986
0 0.162137 0.974082 0.0353707 0.0518353 0.543428
0 0.5884 0.211489 0.0358485 0.0912007 0.413469
0 0.238616 0.951003 0.0363104 0.0975039 0.391528
0 0.333469 0.152534 0.0262386 0.104603 0.357729
0 0.875283 0.695843 0.0304276 0.114293 0.297485
0 0.0239432 0.94072 0.0358603 0.118066 0.293261
0 0.63124 0.973665 0.0251635 0.052671 0.275749
0 0.556275 0.513593 0.0229263 0.115353 0.258131
0 0.380413 0.839535 0.0294725 0.134257 0.236658
0 0.284861 0.789251 0.0309752 0.107853 0.230149
0 0.660694 0.906506 0.0248405 0.0607399 0.217849
0 0.0178899 0.682471 0.0357795 0.140599 0.216704
0 0.0597939 0.218871 0.0331296 0.108838 0.202094
0 0.209943 0.0449493 0.0340784 0.0883632 0.196286
0 0.188141 0.180727 0.0239991 0.0935572 0.195223
0 0.18999 0.805309 0.0419581 0.0875107 0.18246
30 0.33337 0.62259 0.0635544 0.47819 0.177267
0 0.220843 0.848217 0.0291101 0.0758574 0.175686
0 0.296279 0.190752 0.026036 0.0867216 0.161963
0 0.791539 0.702927 0.0469235 0.101501 0.160416
0 0.307749 0.854189 0.0236011 0.0839138 0.160076
0 0.640999 0.978157 0.0154382 0.0436867 0.157807
0 0.735948 0.618607 0.022838 0.0899254 0.156523
0 0.583112 0.944605 0.033827 0.0830512 0.15451
0 0.664403 0.920514 0.0348845 0.088565 0.154496
2 0.00968612 0.040191 0.0193722 0.07749 0.147359
0 0.553315 0.968812 0.036777 0.0623758 0.145609
0 0.215738 0.205972 0.0248584 0.094339 0.144849
0 0.767827 0.462051 0.0242601 0.101028 0.138106
30 0.154265 0.506207 0.059073 0.401794 0.129228
0 0.493697 0.880377 0.0221345 0.0525351 0.128054
0 0.987312 0.946864 0.0248283 0.103971 0.11257
0 0.897813 0.769612 0.0225651 0.0840375 0.110496
0 0.347272 0.896842 0.0279696 0.0949834 0.10843
0 0.599455 0.433467 0.02936 0.115151 0.103152
30 0.360901 0.633179 0.0813176 0.475581 0.103117
