0 0.965802 0.558547 0.0295021 0.0950636 0.528755
0 0.932026 0.539816 0.0286137 0.0993803 0.468387
0 0.582426 0.869236 0.0243236 0.0873724 0.436292
0 0.656395 0.795065 0.0351589 0.0981792 0.382451
0 0.774613 0.957985 0.0288521 0.0814318 0.35832
0 0.831915 0.629242 0.0270018 0.0924338 0.292827
0 0.551785 0.948794 0.0561215 0.102413 0.291326
0 0.700777 0.529106 0.0328102 0.0896723 0.221111
30 0.46134 0.614181 0.05865 0.538135 0.21615
0 0.909867 0.983499 0.0177946 0.0330013 0.198365
0 0.688961 0.249776 0.0286667 0.129036 0.194407
0 0.59806 0.288924 0.0346082 0.0910204 0.18333
0 0.208945 0.259851 0.0383289 0.117388 0.157334
0 0.574529 0.251269 0.023193 0.0832681 0.157221
0 0.391775 0.070146 0.0337559 0.121138 0.145412
0 0.790259 0.410558 0.040909 0.109956 0.144937
0 0.356195 0.0394108 0.0191413 0.0788216 0.13994
0 0.250519 0.927286 0.0278257 0.106429 0.137905
0 0.687824 0.648201 0.0265171 0.0830015 0.134775
0 0.617218 0.63069 0.0218907 0.0872929 0.128429
30 0.474277 0.712122 0.0354274 0.34627 0.123181
0 0.101175 0.250592 0.0370987 0.102393 0.123016
0 0.43645 0.973174 0.0220319 0.0536513 0.12269
0 0.702536 0.755528 0.0287637 0.0922002 0.118912
0 0.273158 0.0626371 0.0221724 0.0952101 0.116416
0 0.812471 0.494646 0.0223431 0.0980297 0.114489
0 0.548712 0.967082 0.0499541 0.065837 0.113225
0 0.0726572 0.795186 0.0285825 0.128193 0.109018
30 0.459025 0.699544 0.0684519 0.372273 0.108448
0 0.45431 0.187355 0.0240005 0.0928442 0.105986
0 0.786447 0.400715 0.036338 0.0931102 0.104634
0 0.897954 0.791955 0.0215057 0.0870861 0.102432
0 0.24434 0.367871 0.0229518 0.0833435 0.102291
0 0.356368 0.980444 0.0398212 0.0391122 0.100552
