0 0.656654 0.0748872 0.0223714 0.0955433 0.510525
0 0.44988 0.0731454 0.0251077 0.101566 0.430548
0 0.938034 0.184323 0.0321487 0.103832 0.422495
0 0.603261 0.0554191 0.0336371 0.110838 0.413059
0 0.215679 0.104413 0.0239501 0.0867028 0.401296
0 0.614778 0.819401 0.0212462 0.105542 0.373003
0 0.354479 0.317921 0.0233238 0.10349 0.372081
0 0.894889 0.274892 0.0387995 0.113588 0.37091
0 0.695397 0.924741 0.0394091 0.0909184 0.368949
0 0.337424 0.251496 0.0246607 0.0985421 0.347536
0 0.606093 0.26858 0.0260927 0.100384 0.343969
0 0.33644 0.954126 0.0503911 0.0886959 0.324132
0 0.904466 0.120207 0.0380615 0.0951971 0.308501
30 0.233301 0.553427 0.0767046 0.42536 0.274864
30 0.287525 0.499097 0.0532763 0.312401 0.270767
0 0.895036 0.736849 0.0446262 0.136724 0.269677
0 0.65148 0.530053 0.0293238 0.0771031 0.255874
0 0.0994644 0.185014 0.0250297 0.0957649 0.227362
0 0.799305 0.138019 0.0282425 0.0986728 0.215963
0 0.645751 0.799867 0.0231378 0.0901615 0.209126
0 0.0121269 0.758548 0.0242538 0.129948 0.207023
0 0.162964 0.0328699 0.0352559 0.0657397 0.201492
0 0.597327 0.42333 0.0251055 0.108316 0.194771
0 0.216703 0.882721 0.0384223 0.0842529 0.188942
0 0.457003 0.588813 0.0337126 0.0960934 0.186053
0 0.910632 0.118885 0.0268026 0.0950068 0.176377
0 0.734166 0.20707 0.0246848 0.0952313 0.168544
0 0.33028 0.457602 0.0252385 0.111847 0.166067
0 0.715485 0.584675 0.0337038 0.0972544 0.158018
30 0.450496 0.115091 0.028169 0.0310495 0.155487
0 0.9726 0.928488 0.0403696 0.0977479 0.15301
0 0.381251 0.437461 0.0234184 0.105138 0.147918
0 0.728371 0.665567 0.0227119 0.105474 0.14371
0 0.491522 0.279723 0.0192102 0.10314 0.143689
0 0.694511 0.362489 0.0234227 0.089496 0.136145
0 0.961839 0.739538 0.0512297 0.199775 0.134834
0 0.969825 0.739184 0.0337175 0.2055 0.130046
0 0.143259 0.386625 0.0271624 0.0929333 0.128915
0 0.969254 0.563003 0.02197 0.102989 0.128695
0 0.674853 0.297705 0.026947 0.0875582 0.128295
0 0.452648 0.832049 0.0215614 0.0840183 0.127854
0 0.677854 0.271598 0.0258097 0.138076 0.126848
31 0.23302 0.45873 0.0429801 0.24024 0.125636
30 0.243123 0.47636 0.0603557 0.291528 0.124703
30 0.234909 0.469001 0.0434113 0.265045 0.124038
0 0.272191 0.196861 0.0264783 0.0859497 0.12128
30 0.249609 0.569988 0.099633 0.48084 0.120463
0 0.150126 0.956985 0.0335743 0.0860302 0.120292
0 0.680806 0.231415 0.0220058 0.0639186 0.115343
0 0.85106 0.180845 0.0274061 0.0795762 0.11343
30 0.160085 0.541239 0.0871463 0.409733 0.113082
30 0.258925 0.530279 0.0912882 0.395964 0.112673
0 0.889129 0.26565 0.0495132 0.117699 0.112172
0 0.150277 0.972574 0.0330618 0.0548226 0.111937
0 0.229011 0.981941 0.0302013 0.0361171 0.110666
30 0.333219 0.572256 0.0726496 0.33291 0.1103
0 0.101742 0.729707 0.0473628 0.103232 0.107985
0 0.717721 0.623546 0.0352192 0.177376 0.105941
30 0.397351 0.490113 0.0523538 0.210381 0.104844
0 0.902692 0.142626 0.0375805 0.0501722 0.10385
0 0.757009 0.232808 0.0332365 0.0839575 0.103746
0 0.356545 0.454183 0.0228955 0.103442 0.101486
0 0.396201 0.491274 0.0512365 0.197199 0.101199
