0 0.976961 0.552992 0.0453175 0.187122 0.418691
0 0.709679 0.780682 0.0254433 0.100642 0.361528
0 0.750323 0.845325 0.0460975 0.107481 0.337874
0 0.738504 0.241394 0.0405023 0.146559 0.290695
0 0.835446 0.974099 0.0306515 0.0518013 0.285379
0 0.748292 0.400604 0.0339322 0.0973014 0.278453
0 0.640423 0.890938 0.0387956 0.0848725 0.275628
0 0.486395 0.977668 0.0252546 0.0446638 0.244279
0 0.0505206 0.88714 0.0531646 0.089773 0.241476
0 0.637666 0.427382 0.030359 0.124696 0.215151
0 0.214132 0.820158 0.0306437 0.0877131 0.185056
0 0.930399 0.57156 0.0248455 0.0936322 0.184913
0 0.737056 0.654214 0.0279539 0.0909611 0.179752
0 0.403521 0.962271 0.0422406 0.0754583 0.17048
0 0.345912 0.0683787 0.0223098 0.111167 0.165306
0 0.883983 0.638991 0.0335647 0.0951311 0.16127
30 0.340534 0.516131 0.0495974 0.393227 0.153523
0 0.438426 0.0720886 0.0294829 0.121705 0.139912
0 0.147317 0.231053 0.0357363 0.0996746 0.134155
0 0.336528 0.842187 0.0285333 0.0807541 0.130755
30 0.522422 0.70759 0.0499535 0.340219 0.126677
0 0.987584 0.552343 0.024366 0.183743 0.124262
0 0.17018 0.119836 0.0251912 0.106853 0.122546
0 0.381421 0.0605873 0.0216215 0.102532 0.108543
0 0.406888 0.661897 0.0255726 0.0828231 0.104264
0 0.281517 0.352641 0.0305807 0.112982 0.103125
