0 0.226073 0.847353 0.0439974 0.0963698 0.58902
0 0.036864 0.733165 0.0386318 0.184791 0.494677
0 0.922949 0.134221 0.03675 0.0915375 0.460318
0 0.59285 0.966583 0.0369518 0.066833 0.460205
0 0.271043 0.0640391 0.0264576 0.0821263 0.443369
0 0.632928 0.889923 0.0275756 0.0834115 0.425004
0 0.761423 0.97255 0.0273802 0.0543062 0.382726
0 0.307521 0.575054 0.0260712 0.0899802 0.355382
0 0.665762 0.84263 0.0350394 0.0826081 0.325719
0 0.820446 0.811766 0.0342167 0.0888715 0.299344
0 0.121544 0.744639 0.0261355 0.091638 0.241372
0 0.22673 0.592381 0.0250321 0.0837145 0.226276
0 0.0112017 0.650316 0.0224034 0.126883 0.214143
0 0.0507238 0.622503 0.0372737 0.14368 0.211385
0 0.0571593 0.139826 0.0306427 0.106122 0.208852
0 0.951263 0.973766 0.0388676 0.0524686 0.207647
0 0.735903 0.727451 0.0286131 0.0997128 0.189096
0 0.882071 0.971706 0.0235547 0.0565881 0.180146
0 0.136004 0.515644 0.029856 0.105099 0.179491
0 0.119578 0.762368 0.0369883 0.12716 0.165638
0 0.0506637 0.602636 0.0341987 0.105818 0.152402
0 0.740754 0.868837 0.0450604 0.146164 0.145097
0 0.0289603 0.734447 0.0524889 0.187389 0.135102
0 0.147875 0.735711 0.0340012 0.134902 0.129585
0 0.741917 0.837058 0.0391776 0.0920203 0.125454
0 0.773297 0.648761 0.0455524 0.0981815 0.120835
0 0.12191 0.237083 0.0287345 0.159226 0.11764
0 0.856376 0.931265 0.0335423 0.0867826 0.11389
0 0.976003 0.555166 0.0472409 0.156092 0.113272
0 0.174647 0.295996 0.0257589 0.126664 0.112329
0 0.120111 0.189918 0.0220123 0.0609861 0.111231
0 0.654267 0.53853 0.0226714 0.0793743 0.110562
0 0.731388 0.910451 0.0286934 0.0967877 0.107023
0 0.121194 0.205459 0.0263077 0.0930039 0.102887
