0 0.0554043 0.953168 0.0411423 0.0936644 0.478348
0 0.894977 0.562085 0.0245739 0.0903214 0.373663
0 0.60786 0.259428 0.0237904 0.107978 0.366308
0 0.782871 0.231939 0.0278551 0.144701 0.261014
0 0.452784 0.951455 0.0406765 0.0926289 0.258392
0 0.714849 0.808935 0.0289717 0.105099 0.236306
0 0.939221 0.64406 0.0348805 0.0971587 0.203273
0 0.600827 0.442423 0.0321298 0.109363 0.201593
0 0.788711 0.661378 0.0433685 0.0986958 0.190566
30 0.083627 0.709012 0.0571369 0.305593 0.188882
0 0.547623 0.978459 0.0311103 0.0430829 0.188875
0 0.370891 0.980015 0.0182239 0.0399707 0.177918
0 0.565189 0.802657 0.0303471 0.140643 0.175694
0 0.114128 0.329712 0.0495234 0.154626 0.164185
0 0.116705 0.981694 0.0223915 0.0366112 0.163181
0 0.286981 0.818567 0.027183 0.10037 0.162766
0 0.504559 0.858505 0.0313374 0.0924361 0.159915
0 0.14559 0.949167 0.0415381 0.101666 0.151641
0 0.380675 0.106758 0.0218061 0.104943 0.150255
30 0.295125 0.591268 0.0871611 0.504335 0.139589
0 0.219197 0.911517 0.039284 0.0923579 0.137548
30 0.0406568 0.690945 0.0753109 0.327393 0.13587
0 0.625238 0.530441 0.0254593 0.0894813 0.119837
0 0.942615 0.617206 0.0387512 0.144394 0.119342
0 0.668613 0.954769 0.0485351 0.0904623 0.116376
30 0.818712 0.0426676 0.0296873 0.0853353 0.107777
0 0.474454 0.295124 0.0231662 0.0754164 0.10735
0 0.666846 0.971686 0.0500956 0.0566281 0.106801
30 0.362813 0.636341 0.0669797 0.45833 0.101979
