0 0.76274 0.958955 0.026211 0.0820906 0.545778
0 0.678001 0.842562 0.0220418 0.100575 0.520604
0 0.394906 0.100622 0.0228174 0.101478 0.460738
0 0.637127 0.886845 0.0380482 0.0874167 0.450094
0 0.895938 0.943859 0.0430134 0.0922553 0.390265
0 0.72172 0.044423 0.019413 0.0888459 0.384226
0 0.549025 0.0697617 0.0386938 0.12066 0.38346
0 0.670132 0.21647 0.0199192 0.0872884 0.362944
0 0.542098 0.287409 0.0239701 0.0977841 0.360654
0 0.983556 0.778892 0.032239 0.0953584 0.349673
0 0.623363 0.300148 0.0283293 0.106157 0.339549
0 0.38818 0.962607 0.0359223 0.0747871 0.332941
0 0.405488 0.586442 0.0306038 0.0955349 0.308109
0 0.150398 0.959169 0.03283 0.081663 0.293883
0 0.246696 0.910964 0.0281074 0.112901 0.293282
0 0.270003 0.271153 0.0214889 0.0984884 0.28171
0 0.845084 0.110919 0.0253616 0.0929775 0.274048
0 0.714016 0.837442 0.0222782 0.0836703 0.262627
0 0.964705 0.734178 0.0253395 0.100661 0.262052
0 0.268142 0.12619 0.0279482 0.109417 0.240924
0 0.0386177 0.825147 0.0756226 0.211828 0.233727
0 0.310655 0.313315 0.0275615 0.103605 0.228402
3 0.549842 0.0941034 0.0345358 0.0826026 0.223191
0 0.178453 0.86048 0.0533239 0.12165 0.222603
0 0.797553 0.188053 0.0262462 0.0920701 0.211828
0 0.964633 0.71881 0.0241656 0.0704086 0.206136
0 0.881268 0.194749 0.0356926 0.101969 0.188583
0 0.580647 0.32487 0.0213824 0.0896581 0.165478
0 0.181769 0.201076 0.0233766 0.0783135 0.159911
0 0.751611 0.174821 0.0328709 0.131437 0.154322
0 0.700432 0.22647 0.0290697 0.0779936 0.152342
0 0.100024 0.183519 0.0251171 0.088726 0.149751
0 0.752031 0.160981 0.0274818 0.10594 0.147709
0 0.159334 0.881049 0.0321782 0.0781895 0.144105
0 0.163965 0.877237 0.0423025 0.0869163 0.142375
0 0.752282 0.142593 0.0259313 0.0676201 0.136842
0 0.310995 0.29915 0.0246687 0.0756406 0.128407
0 0.64666 0.339575 0.0226128 0.0720531 0.119379
0 0.393187 0.83428 0.0267525 0.0894652 0.116887
0 0.377118 0.974734 0.0229893 0.0505329 0.109199
0 0.955647 0.246783 0.0237781 0.0816141 0.108301
0 0.360635 0.406909 0.0253478 0.125547 0.105886
0 0.491133 0.609937 0.0277439 0.0958883 0.102783
