0 0.512315 0.863737 0.0297669 0.0895904 0.46732
0 0.257276 0.248233 0.0384197 0.160676 0.401174
0 0.945428 0.782223 0.0292391 0.114911 0.391839
0 0.0131204 0.946484 0.0262408 0.105095 0.368217
0 0.094367 0.805713 0.0398929 0.0981214 0.367199
0 0.81616 0.972061 0.0450849 0.0558788 0.352099
0 0.439182 0.95905 0.0395304 0.0805601 0.330288
0 0.668567 0.811776 0.025906 0.098818 0.293892
0 0.609496 0.956532 0.0272148 0.0862119 0.279481
0 0.580773 0.952156 0.0267422 0.0955504 0.270018
0 0.109466 0.924854 0.0405179 0.0961561 0.255756
0 0.0121917 0.960408 0.0243835 0.0789506 0.243824
31 0.39886 0.971985 0.031821 0.0560304 0.218473
0 0.406465 0.901615 0.038605 0.0974477 0.208262
0 0.454998 0.845532 0.0209803 0.0553841 0.206267
0 0.409856 0.888701 0.0315659 0.0689075 0.198284
0 0.783363 0.187411 0.032706 0.0868152 0.180839
0 0.256703 0.218 0.0339837 0.101574 0.16942
0 0.402833 0.586041 0.0193371 0.0809737 0.163566
9 0.182975 0.0322278 0.0392661 0.0616205 0.157804
0 0.097217 0.720833 0.0346912 0.144262 0.155332
0 0.564605 0.875584 0.0258099 0.0890616 0.153262
0 0.411481 0.0411756 0.0254668 0.0803255 0.1506
0 0.328021 0.284045 0.0247168 0.139841 0.149785
0 0.608226 0.741325 0.0325545 0.100682 0.149616
0 0.947323 0.770695 0.0256857 0.0923778 0.1429
31 0.109848 0.956157 0.0377863 0.0346855 0.142771
0 0.203907 0.676093 0.0513948 0.235173 0.142601
0 0.192226 0.603769 0.0255315 0.0954907 0.141857
30 0.250669 0.365354 0.0552096 0.205928 0.140728
0 0.28744 0.641329 0.0406612 0.242081 0.140026
30 0.338692 0.525824 0.059308 0.46447 0.129833
0 0.405072 0.93025 0.041455 0.107352 0.129246
0 0.148566 0.287479 0.0250318 0.112247 0.124251
0 0.259715 0.287425 0.0367295 0.0896529 0.123884
0 0.134945 0.21002 0.0304502 0.095105 0.121733
30 0.311549 0.56145 0.0529751 0.497539 0.115711
0 0.130602 0.872743 0.0417379 0.0836345 0.112699
0 0.31903 0.300399 0.037666 0.112968 0.111979
0 0.090945 0.712897 0.0450535 0.136405 0.110436
30 0.350594 0.511224 0.0391792 0.427779 0.106167
