0 0.0408653 0.971159 0.0333043 0.0576816 0.490399
0 0.428317 0.955787 0.0369112 0.0884266 0.427339
0 0.543618 0.808248 0.0393162 0.144915 0.370024
0 0.760261 0.237507 0.0289207 0.142607 0.341113
0 0.364162 0.875134 0.0373448 0.104796 0.335073
0 0.147179 0.947966 0.0383812 0.102289 0.287856
0 0.636159 0.741859 0.0379266 0.107476 0.286527
0 0.33902 0.217458 0.0347758 0.128066 0.280218
0 0.175951 0.214984 0.0424432 0.103136 0.273753
0 0.104212 0.87048 0.0369906 0.0998499 0.259377
0 0.730839 0.838824 0.0375418 0.107642 0.253883
0 0.557018 0.441021 0.0223557 0.101833 0.247982
0 0.914118 0.604077 0.0387455 0.172017 0.243138
0 0.382359 0.0810734 0.0211856 0.092454 0.220988
0 0.517235 0.980315 0.0235379 0.0393703 0.217579
0 0.731604 0.806852 0.0396804 0.164321 0.204484
0 0.45712 0.300389 0.0237916 0.0832933 0.199135
0 0.362826 0.858419 0.0312687 0.106644 0.182244
0 0.239907 0.879602 0.0389827 0.164103 0.170171
0 0.402146 0.0801365 0.0196071 0.106272 0.162377
0 0.518924 0.18875 0.0311335 0.0962732 0.160197
0 0.665678 0.904508 0.0375014 0.097737 0.158675
0 0.59949 0.289236 0.0270691 0.0991753 0.157737
0 0.978667 0.602866 0.0242065 0.0904472 0.147403
0 0.391497 0.985412 0.0157388 0.0291769 0.146564
0 0.277678 0.246973 0.0359131 0.0934246 0.142804
0 0.428947 0.200696 0.02878 0.0909013 0.137144
0 0.464337 0.0791744 0.0326888 0.106325 0.136441
30 0.645412 0.540293 0.0344263 0.442078 0.130827
0 0.0426888 0.330764 0.0208959 0.0619752 0.129998
0 0.984366 0.52054 0.030593 0.21613 0.127517
0 0.24073 0.907369 0.0349638 0.106375 0.12703
0 0.732396 0.788205 0.0363821 0.125218 0.126408
0 0.342908 0.0899195 0.0260974 0.112761 0.125535
0 0.733751 0.765839 0.0314695 0.0826614 0.120495
0 0.184735 0.0995822 0.0261816 0.102381 0.108081
