0 0.758453 0.957047 0.0499667 0.0859069 0.524376
0 0.676939 0.253051 0.0445831 0.13693 0.480102
0 0.567829 0.869588 0.0469307 0.0907699 0.448024
0 0.647717 0.795225 0.024343 0.109683 0.375052
0 0.244425 0.946172 0.0311118 0.107656 0.37396
0 0.888753 0.97805 0.0264652 0.0439007 0.346474
0 0.421297 0.970747 0.0273925 0.0585053 0.329006
0 0.810922 0.871662 0.0477217 0.105356 0.299459
30 0.049189 0.909898 0.0463145 0.0396392 0.273128
0 0.714861 0.742264 0.0287659 0.117209 0.264363
0 0.161613 0.82314 0.0300022 0.0895362 0.256486
0 0.232781 0.372112 0.0227768 0.0867811 0.255608
0 0.460063 0.824769 0.0362764 0.121384 0.249635
0 0.200667 0.253576 0.0418034 0.119919 0.244708
0 0.704169 0.52734 0.0335797 0.0910209 0.243007
0 0.584537 0.28683 0.0347009 0.0964277 0.233893
0 0.815521 0.625464 0.025872 0.0926837 0.223343
0 0.348496 0.9839 0.028519 0.032201 0.196628
0 0.0701985 0.804385 0.024351 0.102109 0.188194
0 0.314374 0.817496 0.0338888 0.172397 0.17939
0 0.439259 0.88414 0.0377346 0.0915766 0.17026
0 0.134924 0.165488 0.0268908 0.109711 0.157501
0 0.151236 0.952954 0.0430495 0.094093 0.153981
0 0.197135 0.880719 0.0380637 0.105164 0.153669
0 0.0670263 0.80977 0.0308525 0.115383 0.134771
0 0.977202 0.567985 0.0426175 0.107794 0.128625
0 0.897887 0.790756 0.0222618 0.0855951 0.125979
0 0.667824 0.651882 0.0349222 0.0940707 0.124924
0 0.91931 0.543441 0.0317363 0.0934585 0.119377
0 0.446372 0.1931 0.032126 0.106257 0.114945
0 0.0922818 0.247227 0.0424759 0.106723 0.114407
0 0.121687 0.887706 0.0321098 0.0778325 0.108914
