0 0.457478 0.643237 0.0240142 0.094899 0.474958
0 0.718077 0.969588 0.0275347 0.0608245 0.415937
9 0.686138 0.296422 0.0213723 0.0846954 0.386745
0 0.889625 0.147672 0.0280815 0.0930005 0.351593
0 0.30972 0.0633635 0.02348 0.0936915 0.324488
0 0.180296 0.525908 0.0358959 0.0916416 0.313861
0 0.160802 0.751909 0.0323079 0.0945422 0.306427
0 0.267511 0.871865 0.0402462 0.0948561 0.305074
0 0.780127 0.804046 0.0362124 0.0804429 0.294255
0 0.912502 0.96932 0.0351565 0.0613592 0.26979
0 0.549421 0.961815 0.045209 0.0763692 0.267454
0 0.67936 0.90449 0.0450362 0.101832 0.254367
33 0.309021 0.0645829 0.024334 0.0947483 0.238404
2 0.0103823 0.0323834 0.0207367 0.0601448 0.228816
0 0.159725 0.257672 0.0394581 0.13687 0.218394
0 0.703323 0.736613 0.0298463 0.106305 0.204029
0 0.950579 0.58207 0.044533 0.0987178 0.187925
0 0.625551 0.840902 0.0266792 0.0800737 0.185667
0 0.897526 0.722796 0.0321496 0.108286 0.182457
0 0.215665 0.259371 0.0182941 0.0619748 0.176064
0 0.0343628 0.212702 0.0390875 0.0982759 0.170086
0 0.223967 0.296689 0.0378533 0.134307 0.168408
0 0.0850697 0.634647 0.0312111 0.153293 0.164686
0 0.267854 0.303174 0.022496 0.0905213 0.161112
0 0.270738 0.856506 0.0307451 0.063094 0.160434
0 0.817158 0.936185 0.0288409 0.0873487 0.155038
0 0.216503 0.277763 0.0192152 0.0958859 0.146128
0 0.077199 0.142954 0.0374838 0.104899 0.140263
0 0.626077 0.550236 0.0270501 0.101564 0.139913
0 0.844474 0.969653 0.0291109 0.0538413 0.139824
0 0.267161 0.891211 0.0401969 0.0519349 0.131838
0 0.194582 0.740461 0.0316332 0.110742 0.125987
0 0.58186 0.868289 0.0217232 0.0572604 0.121547
0 0.201801 0.31321 0.0246155 0.100953 0.11822
0 0.361309 0.603524 0.0393759 0.1377 0.118077
0 0.062628 0.31217 0.0379864 0.147451 0.111251
0 0.652826 0.757512 0.0461977 0.131672 0.107782
