0 0.722058 0.915417 0.0286686 0.0886533 0.533044
0 0.482473 0.954028 0.043217 0.088027 0.480539
0 0.344299 0.976407 0.0347081 0.0471854 0.342903
0 0.900099 0.809534 0.0246196 0.115776 0.337599
0 0.878616 0.561535 0.0276699 0.0916077 0.321368
0 0.815837 0.654735 0.0341 0.0896158 0.255077
0 0.686881 0.791226 0.0301454 0.117171 0.211329
0 0.319402 0.882567 0.0254874 0.0557236 0.20186
0 0.697008 0.963635 0.0438258 0.07273 0.197954
0 0.576043 0.983841 0.0210855 0.0323189 0.16743
0 0.496274 0.293721 0.0258276 0.0845028 0.151315
30 0.15682 0.584208 0.0896813 0.402223 0.149659
0 0.32053 0.891533 0.0279883 0.0720545 0.147489
0 0.738573 0.626928 0.0252588 0.0947831 0.14346
0 0.278688 0.846837 0.0296463 0.0901882 0.139705
30 0.0575703 0.6685 0.112389 0.378468 0.137937
0 0.7857 0.753986 0.025269 0.0958062 0.134433
0 0.414728 0.318274 0.0264051 0.0903139 0.122502
0 0.344464 0.130087 0.0235278 0.110172 0.109622
0 0.652633 0.660767 0.0247984 0.104513 0.108661
0 0.700052 0.292329 0.0319998 0.0921563 0.107639
0 0.027306 0.208859 0.0276597 0.0985339 0.104741
0 0.0682571 0.937013 0.047337 0.105409 0.103632
30 0.0400002 0.674423 0.0800003 0.349259 0.103311
30 0.373376 0.645122 0.0664276 0.435093 0.102678
0 0.579946 0.442885 0.0334752 0.104524 0.101204
30 0.2909 0.49736 0.0663471 0.362024 0.100305
