0 0.607794 0.818812 0.0291235 0.122179 0.440113
0 0.496197 0.952812 0.0384789 0.0902836 0.408683
0 0.723936 0.940997 0.0658768 0.118006 0.38335
0 0.501888 0.434714 0.0238256 0.0876882 0.310169
0 0.143122 0.947138 0.0367834 0.105475 0.283078
14 0.711679 0.295873 0.033483 0.091015 0.281802
0 0.335196 0.972646 0.027492 0.0547082 0.268719
0 0.980074 0.649016 0.0237397 0.0956883 0.256791
0 0.901458 0.798643 0.025121 0.0952114 0.232579
0 0.294875 0.854772 0.0452452 0.102976 0.228955
0 0.870323 0.563795 0.0265842 0.091321 0.223275
0 0.0719148 0.980674 0.0317096 0.0386529 0.202717
0 0.0724702 0.919479 0.0403049 0.122746 0.184548
0 0.582145 0.742153 0.0299229 0.100649 0.176728
0 0.680713 0.780269 0.0412695 0.111112 0.17381
0 0.347536 0.140317 0.0241798 0.106939 0.141454
0 0.590284 0.984655 0.0207001 0.0306902 0.139312
0 0.828344 0.654503 0.0340988 0.0891958 0.136614
0 0.661166 0.6543 0.024683 0.0910759 0.133462
0 0.140515 0.929179 0.0320379 0.066961 0.13312
0 0.178762 0.904952 0.0312944 0.0850249 0.131496
0 0.47104 0.31548 0.0192206 0.0953671 0.123479
0 0.422322 0.718074 0.024045 0.0842598 0.117611
0 0.737975 0.932471 0.0359741 0.105686 0.112237
0 0.21348 0.748869 0.0288054 0.0741532 0.111475
0 0.0446123 0.212565 0.0402667 0.0966454 0.106739
