0 0.748592 0.951321 0.0325104 0.0938432 0.471337
0 0.155441 0.81809 0.037528 0.0889053 0.447163
0 0.412081 0.967277 0.041614 0.0654457 0.43724
0 0.671727 0.250616 0.0389965 0.139356 0.43167
0 0.884076 0.975392 0.0220002 0.0492163 0.424336
0 0.563971 0.864797 0.0395065 0.0903912 0.405916
0 0.418285 0.967503 0.0306393 0.064994 0.387991
0 0.979642 0.568346 0.0392288 0.112708 0.367487
0 0.910129 0.551541 0.029934 0.10514 0.290801
0 0.0672932 0.814841 0.0271844 0.0933334 0.284516
0 0.446331 0.833276 0.0382696 0.139735 0.274194
0 0.196253 0.254695 0.049698 0.116932 0.265316
0 0.97899 0.552592 0.0374871 0.0827071 0.2166
0 0.138693 0.91648 0.0564079 0.146439 0.210723
0 0.343249 0.985254 0.0267109 0.0294912 0.200002
0 0.20276 0.880757 0.0277223 0.0995869 0.184129
0 0.194479 0.271625 0.0481283 0.0863592 0.183355
0 0.242655 0.95014 0.0286491 0.0997201 0.180011
0 0.0464536 0.867033 0.0238913 0.0592425 0.169003
0 0.530897 0.951955 0.0646089 0.0960902 0.168182
0 0.22126 0.591671 0.0247125 0.0949651 0.167953
0 0.710765 0.524315 0.0258933 0.0947531 0.162209
0 0.0820329 0.24157 0.0344105 0.106386 0.153612
0 0.129865 0.17109 0.0312562 0.108944 0.140041
0 0.812426 0.871007 0.0445547 0.101967 0.137771
30 0.0564491 0.912466 0.0289564 0.0301223 0.133545
0 0.0522699 0.876627 0.0362564 0.0787328 0.131237
0 0.579713 0.286667 0.0288257 0.0922963 0.130008
0 0.34977 0.806164 0.0337419 0.165087 0.129445
0 0.639236 0.794081 0.0228832 0.10482 0.129385
0 0.724005 0.750467 0.0322749 0.091621 0.127142
0 0.0160574 0.642677 0.0321149 0.0975375 0.127076
0 0.0141922 0.321117 0.0283844 0.170459 0.116735
0 0.897906 0.790565 0.0229824 0.0870321 0.114959
0 0.480627 0.986918 0.0152386 0.0261636 0.114539
0 0.385685 0.316687 0.0279602 0.0916756 0.110939
0 0.251786 0.201455 0.0265091 0.0807062 0.106431
0 0.35367 0.200332 0.0323806 0.0929589 0.104211
0 0.264264 0.832748 0.0263172 0.0805543 0.104188
0 0.0624442 0.832419 0.0334498 0.115812 0.101804
0 0.601956 0.441004 0.0258272 0.121706 0.101208
0 0.0870706 0.237097 0.0439205 0.118073 0.100885
0 0.157266 0.72998 0.033263 0.125191 0.100805
