0 0.663985 0.214129 0.0261856 0.092546 0.454339
0 0.897637 0.77055 0.0267097 0.0863489 0.397081
0 0.0842768 0.973366 0.0396591 0.053267 0.395654
0 0.939682 0.679315 0.0311589 0.123473 0.391743
33 0.519794 0.0334915 0.0199598 0.066983 0.388462
0 0.11178 0.800988 0.0423162 0.0922465 0.38609
0 0.699535 0.973827 0.0297605 0.0523454 0.385737
0 0.213599 0.780474 0.0310173 0.128324 0.356112
0 0.483708 0.964047 0.0343668 0.0719068 0.336688
0 0.76651 0.831854 0.0289395 0.106509 0.291821
0 0.157752 0.911249 0.030638 0.0722035 0.287257
0 0.356805 0.105424 0.0234759 0.0945473 0.28538
0 0.638836 0.956879 0.040005 0.0850012 0.283314
0 0.44855 0.865357 0.0310529 0.106355 0.269979
0 0.549379 0.78985 0.0266875 0.100038 0.254183
0 0.314328 0.960453 0.0376568 0.0790938 0.248334
9 0.321719 0.0206257 0.037961 0.0412514 0.230611
0 0.826258 0.483295 0.0285774 0.0987109 0.214883
0 0.612525 0.767595 0.027224 0.137541 0.208949
0 0.0601495 0.827301 0.0413628 0.0979925 0.203295
0 0.439883 0.2889 0.0273499 0.102988 0.178313
0 0.787374 0.824548 0.0297527 0.118071 0.170441
0 0.0183289 0.792186 0.0363304 0.166322 0.163676
0 0.897702 0.786781 0.0284515 0.120074 0.155275
0 0.156883 0.917746 0.0372412 0.0825397 0.148304
0 0.237712 0.517324 0.0246875 0.0880608 0.133677
0 0.664534 0.417425 0.0231592 0.128335 0.125998
0 0.387253 0.861253 0.0306887 0.0864061 0.124174
0 0.271786 0.880131 0.0365644 0.0808847 0.113677
0 0.880451 0.455705 0.0323559 0.225661 0.103282
0 0.141289 0.0466363 0.0275819 0.0895386 0.100597
