9 0.626266 0.515306 0.0277735 0.0977473 0.552815
9 0.737717 0.287367 0.0243967 0.0882112 0.540243
0 0.256127 0.0650176 0.028033 0.0865559 0.411006
0 0.781894 0.97296 0.0231291 0.0540806 0.390668
0 0.612158 0.968631 0.0439672 0.0627386 0.370658
0 0.90247 0.474353 0.0404221 0.197929 0.339045
0 0.844393 0.81698 0.0386311 0.0868617 0.285536
0 0.653174 0.89367 0.0341213 0.0707585 0.285528
0 0.652406 0.905362 0.0408051 0.0935634 0.252932
0 0.975571 0.973727 0.0338113 0.0525453 0.211204
0 0.905345 0.487886 0.0508865 0.225728 0.206406
0 0.853867 0.524901 0.0382259 0.20514 0.201641
0 0.747637 0.874057 0.0474108 0.168127 0.189399
0 0.746203 0.910729 0.0470875 0.0966214 0.181334
0 0.89597 0.976499 0.0357069 0.047003 0.179033
0 0.65243 0.654775 0.0246084 0.0980963 0.176299
0 0.988817 0.54944 0.0214861 0.144751 0.176089
0 0.944848 0.12674 0.0310265 0.09453 0.158725
0 0.803215 0.401093 0.0241617 0.0958938 0.158002
0 0.106589 0.224889 0.03683 0.133332 0.153079
30 0.167013 0.547949 0.0870758 0.526379 0.146343
0 0.204124 0.601178 0.0271777 0.0927931 0.143913
9 0.56471 0.381995 0.020879 0.0765398 0.140832
0 0.940977 0.736835 0.0368378 0.129122 0.138459
0 0.0102748 0.278102 0.0205497 0.126715 0.127732
0 0.853655 0.491531 0.0378104 0.127053 0.12217
0 0.10627 0.271177 0.040619 0.0973034 0.120837
0 0.748884 0.752205 0.0423894 0.116755 0.119285
0 0.152733 0.263069 0.024314 0.0618766 0.118516
0 0.0139988 0.284888 0.0279542 0.11975 0.113128
0 0.00716974 0.273191 0.0143395 0.121427 0.111998
0 0.105278 0.208902 0.030593 0.0995643 0.110548
0 0.683605 0.821517 0.0274607 0.0607093 0.106771
0 0.522426 0.632221 0.0295316 0.0876953 0.101305
