0 0.792256 0.959771 0.0354004 0.0804591 0.533697
0 0.160769 0.944363 0.0335869 0.111274 0.408585
0 0.781851 0.732138 0.0332226 0.109973 0.379203
0 0.682501 0.441235 0.0210218 0.0941676 0.347401
0 0.671804 0.91294 0.0250674 0.0915257 0.335729
0 0.544338 0.975308 0.0377006 0.0493841 0.283325
0 0.880525 0.84674 0.0569225 0.21698 0.267265
0 0.898119 0.781521 0.0208537 0.0870007 0.256963
0 0.736397 0.412418 0.0310465 0.109383 0.235704
0 0.803928 0.586641 0.0226107 0.0873855 0.22855
0 0.146306 0.237612 0.044746 0.119141 0.224762
0 0.308525 0.0582365 0.0386748 0.110117 0.215646
0 0.79173 0.982131 0.0343319 0.0357389 0.20821
0 0.49161 0.855877 0.0342256 0.115503 0.200691
0 0.381748 0.191647 0.0285992 0.0990556 0.192897
0 0.202702 0.867338 0.0374653 0.126843 0.171553
33 0.651525 0.0254892 0.0454338 0.0509783 0.168366
0 0.283296 0.976796 0.039883 0.0464086 0.159141
0 0.87385 0.90613 0.043584 0.0960302 0.134814
0 0.0239431 0.229199 0.0326205 0.11735 0.127378
0 0.00643133 0.809218 0.0127957 0.0910303 0.117331
0 0.0954753 0.983037 0.0235986 0.0339253 0.115657
0 0.345109 0.956382 0.031266 0.0851877 0.112701
33 0.661882 0.0253039 0.0248347 0.0506078 0.108848
0 0.737763 0.622949 0.0226111 0.078301 0.106245
