0 0.538526 0.954581 0.0449331 0.0908384 0.517848
0 0.985429 0.841906 0.0283458 0.0925575 0.449958
0 0.905755 0.798968 0.0306076 0.0941389 0.40337
30 0.0428273 0.647599 0.0856545 0.470406 0.379627
0 0.910862 0.805884 0.0436067 0.108944 0.313451
30 0.360794 0.627764 0.0838963 0.500274 0.267245
0 0.327441 0.8595 0.0466516 0.0962996 0.248649
0 0.786467 0.622375 0.0256772 0.0927003 0.24672
0 0.842281 0.560427 0.0295143 0.09425 0.198034
0 0.850429 0.233353 0.033815 0.116955 0.196939
30 0.161387 0.520635 0.0631203 0.348394 0.191122
0 0.633893 0.813632 0.0360815 0.139589 0.18803
30 0.234294 0.540211 0.0652592 0.429841 0.179412
0 0.905535 0.447051 0.0232334 0.110155 0.179053
0 0.771325 0.946873 0.0599647 0.106253 0.178537
0 0.032242 0.980382 0.0271397 0.0392353 0.173785
0 0.779654 0.93517 0.0401945 0.0832228 0.162907
30 0.178707 0.54181 0.0906252 0.346508 0.151609
0 0.375228 0.169124 0.0253292 0.105093 0.144031
0 0.593477 0.893621 0.0457419 0.0915023 0.143793
0 0.533571 0.279981 0.023766 0.0914158 0.140202
0 0.544531 0.0485858 0.0264077 0.0971717 0.127242
30 0.427507 0.533816 0.0704063 0.407817 0.124487
9 0.740485 0.296424 0.0338196 0.0898307 0.123901
30 0.0981195 0.64277 0.0662365 0.372029 0.1184
0 0.665772 0.599234 0.0247511 0.0900851 0.109784
30 0.280598 0.567547 0.0780161 0.445094 0.109487
0 0.145512 0.949098 0.0349779 0.0989563 0.108166
30 0.343341 0.624922 0.052359 0.498624 0.107788
0 0.498899 0.31098 0.0228214 0.0970984 0.106596
