0 0.64441 0.890894 0.0332045 0.0911646 0.36033
30 0.522924 0.600117 0.0582211 0.551752 0.360074
0 0.984805 0.55914 0.0297702 0.181437 0.346333
0 0.841516 0.974716 0.0330806 0.0505676 0.323802
0 0.406768 0.96037 0.0444828 0.0792602 0.280592
0 0.714496 0.780593 0.0210726 0.102664 0.255886
0 0.344612 0.0740862 0.0226212 0.103318 0.247478
0 0.741913 0.242394 0.0429354 0.142933 0.239866
0 0.490789 0.978169 0.0248914 0.0436621 0.225621
0 0.284525 0.795334 0.0343135 0.133137 0.219045
0 0.0479485 0.887482 0.0551857 0.0912347 0.212496
0 0.741579 0.414158 0.0354027 0.109279 0.209486
0 0.928509 0.563681 0.0222473 0.0803818 0.201302
0 0.988779 0.554507 0.0217478 0.178346 0.188094
0 0.0861306 0.687845 0.0270493 0.085261 0.187556
0 0.220276 0.82133 0.0277049 0.0960538 0.177412
0 0.381708 0.0690152 0.0240196 0.113206 0.169231
0 0.123339 0.872527 0.0308943 0.0905118 0.163668
0 0.640578 0.288393 0.0309112 0.0886454 0.144489
30 0.338322 0.591575 0.0585267 0.531688 0.14427
0 0.201689 0.250275 0.0191648 0.0906143 0.135918
0 0.36441 0.337599 0.0198041 0.0717077 0.134509
0 0.745004 0.843648 0.0488825 0.107085 0.129565
0 0.172855 0.112341 0.0250679 0.103904 0.129177
0 0.655694 0.744436 0.0238848 0.0945151 0.117565
0 0.278855 0.804638 0.0456972 0.159908 0.111058
0 0.608523 0.966782 0.0457316 0.0664359 0.104158
30 0.52331 0.67863 0.0500266 0.397053 0.103183
30 0.464829 0.742615 0.0610006 0.280737 0.102922
0 0.362022 0.253409 0.0352882 0.114334 0.101079
