0 0.160029 0.90988 0.0286963 0.0704249 0.444166
0 0.697127 0.973412 0.0318243 0.0531762 0.368823
0 0.661164 0.21416 0.0293657 0.092834 0.354219
0 0.93915 0.680818 0.0291649 0.118127 0.342765
0 0.48038 0.963944 0.0359214 0.0721119 0.325267
0 0.0855463 0.972177 0.0367541 0.0556464 0.318396
0 0.116087 0.801278 0.0464298 0.0927441 0.31739
0 0.215983 0.779126 0.0274936 0.133148 0.309918
0 0.636592 0.959065 0.0409458 0.0816663 0.30047
0 0.311193 0.961061 0.0354464 0.0758787 0.267352
0 0.611941 0.765703 0.0277975 0.141266 0.255339
0 0.898282 0.771668 0.0254631 0.088988 0.238276
0 0.44604 0.867195 0.0309347 0.107696 0.232121
9 0.326699 0.0202076 0.0320165 0.0383771 0.222517
0 0.356045 0.108448 0.0242633 0.0973236 0.222195
0 0.823537 0.484415 0.0297798 0.100607 0.21745
0 0.521876 0.0365589 0.0209652 0.0731178 0.216782
0 0.0611973 0.82535 0.0359068 0.0986086 0.214955
0 0.788233 0.81965 0.029496 0.117613 0.193959
0 0.00930136 0.205997 0.0186027 0.104037 0.176447
0 0.766892 0.827372 0.0293722 0.108762 0.175344
0 0.252161 0.925947 0.0359153 0.0950088 0.170884
0 0.662446 0.419582 0.0233759 0.134448 0.159252
0 0.0197562 0.786134 0.0388308 0.158457 0.152296
0 0.238822 0.516582 0.0218151 0.0877186 0.141458
0 0.879698 0.447935 0.0308909 0.212401 0.130052
0 0.243639 0.199117 0.0258796 0.0994728 0.127683
0 0.546657 0.791494 0.0298111 0.104403 0.117063
0 0.0157294 0.427504 0.0314587 0.164261 0.115568
0 0.158493 0.210616 0.0275625 0.099928 0.113481
0 0.0102954 0.5362 0.0205908 0.0956473 0.112856
0 0.545658 0.779015 0.0261788 0.0767645 0.111243
0 0.213061 0.634627 0.033951 0.0859884 0.109973
0 0.616605 0.506358 0.022732 0.115232 0.106287
0 0.564486 0.918856 0.0383466 0.128738 0.103427
