0 0.876184 0.316831 0.034607 0.0985433 0.442784
0 0.850968 0.233429 0.0301625 0.0906597 0.438434
0 0.780587 0.785259 0.0297401 0.145281 0.384197
0 0.793598 0.311025 0.0221258 0.101828 0.379737
0 0.493049 0.866254 0.0600752 0.103418 0.350215
0 0.717684 0.96169 0.0417765 0.076621 0.322342
0 0.766992 0.96026 0.0337681 0.0794793 0.315895
0 0.23686 0.152678 0.0350334 0.0992711 0.286283
0 0.663149 0.220216 0.0249832 0.0899295 0.229009
0 0.565806 0.85645 0.0410484 0.100363 0.22717
0 0.833257 0.624591 0.0352743 0.15365 0.226381
0 0.824226 0.829177 0.0294194 0.103771 0.210821
0 0.509663 0.9808 0.030536 0.0383995 0.210763
0 0.15713 0.964815 0.0422862 0.0699041 0.209135
30 0.370385 0.530363 0.0557891 0.286079 0.201115
0 0.630252 0.174477 0.0254877 0.0977517 0.185678
0 0.279724 0.317963 0.0300013 0.111553 0.176195
0 0.740073 0.186179 0.0310287 0.0986293 0.174205
30 0.235181 0.503742 0.0734386 0.338777 0.165859
0 0.518736 0.328407 0.0193621 0.080269 0.164241
0 0.774385 0.44478 0.02274 0.113578 0.163127
0 0.987042 0.212468 0.0254413 0.139437 0.162115
0 0.184567 0.277862 0.0307856 0.0962949 0.158666
30 0.364141 0.475156 0.0462858 0.375773 0.149447
30 0.430628 0.619857 0.0823576 0.456371 0.148966
30 0.491514 0.600929 0.0561739 0.558517 0.147685
0 0.410193 0.296186 0.0293822 0.151618 0.145221
0 0.484948 0.864688 0.0433365 0.0953614 0.1444
0 0.155983 0.903965 0.0458621 0.190113 0.143132
0 0.410689 0.10027 0.0317612 0.127916 0.134996
0 0.00795979 0.957709 0.0158776 0.0841082 0.121068
0 0.147447 0.876487 0.0307953 0.136686 0.118872
0 0.367391 0.303311 0.0318942 0.128909 0.118676
0 0.978664 0.345824 0.0284921 0.0872005 0.117362
0 0.979787 0.335138 0.0228447 0.0665901 0.116083
30 0.414866 0.613504 0.0574527 0.432124 0.113582
0 0.820918 0.0934835 0.0227196 0.0847074 0.112733
0 0.65356 0.598184 0.0287956 0.0959813 0.107855
0 0.628688 0.206515 0.0283024 0.161429 0.104341
