0 0.943189 0.781854 0.0329252 0.116712 0.435377
0 0.510442 0.861839 0.0265619 0.0858296 0.430942
0 0.0151394 0.948316 0.0302789 0.103368 0.405619
0 0.580698 0.949749 0.0266535 0.100503 0.353471
0 0.666228 0.813608 0.0289616 0.0984374 0.352951
0 0.0124094 0.968197 0.024733 0.0636071 0.343867
0 0.781499 0.186817 0.0316423 0.0867779 0.339749
0 0.111679 0.922332 0.0394489 0.101668 0.33837
0 0.258833 0.24712 0.0344474 0.160324 0.334911
0 0.814901 0.972321 0.0426392 0.0553573 0.329735
0 0.0966722 0.808327 0.0350333 0.0975015 0.309516
0 0.415778 0.88877 0.0247021 0.0662049 0.300876
0 0.451436 0.861118 0.0218872 0.0907447 0.275844
0 0.60793 0.955854 0.027202 0.0849859 0.271451
0 0.438996 0.960172 0.0359797 0.0774989 0.253577
0 0.409733 0.899517 0.0383432 0.0900102 0.225881
0 0.131993 0.872946 0.0404592 0.0818357 0.16951
31 0.397799 0.973614 0.0325212 0.0527721 0.167077
30 0.239014 0.47954 0.0658261 0.365071 0.161895
9 0.186982 0.0318237 0.0359991 0.0606394 0.156209
0 0.413841 0.0406301 0.0245024 0.0812602 0.153039
0 0.379761 0.284631 0.0215697 0.09866 0.152157
0 0.605021 0.739969 0.034646 0.0974369 0.151114
0 0.198745 0.674578 0.0384452 0.232536 0.143373
0 0.194087 0.60465 0.0240935 0.096887 0.142693
0 0.925356 0.51047 0.0249731 0.102564 0.138317
0 0.0404242 0.637157 0.0345337 0.0886843 0.130006
0 0.0510717 0.210991 0.0282254 0.0961552 0.125318
31 0.407867 0.96977 0.0455994 0.0604598 0.125207
0 0.0422394 0.660706 0.0338196 0.134807 0.119106
0 0.116118 0.910741 0.0440762 0.106654 0.113552
0 0.0895588 0.144871 0.0233238 0.103777 0.111972
0 0.945327 0.769183 0.0265275 0.0907184 0.10839
30 0.335511 0.527384 0.0622844 0.463336 0.105871
0 0.150474 0.296268 0.0270936 0.099111 0.10566
0 0.29022 0.645973 0.0457295 0.247331 0.100918
