0 0.94574 0.557613 0.0433884 0.120348 0.462098
0 0.706159 0.2494 0.0452657 0.138397 0.427337
0 0.848305 0.630837 0.0268795 0.0982743 0.416796
0 0.780609 0.860067 0.0421739 0.103175 0.346509
0 0.453285 0.974474 0.0284636 0.0510525 0.327752
0 0.601581 0.885849 0.0397638 0.0998421 0.228813
0 0.224832 0.260372 0.0489598 0.137616 0.190675
0 0.486385 0.828072 0.0328956 0.120874 0.182039
33 0.734709 0.0166987 0.0237053 0.0333974 0.178307
0 0.0910612 0.886294 0.0366548 0.0951126 0.16798
0 0.259456 0.897011 0.0276798 0.105205 0.166322
0 0.691446 0.749823 0.0302136 0.0863979 0.138481
0 0.167789 0.872984 0.0396485 0.103913 0.134877
0 0.830901 0.471506 0.0257076 0.0936363 0.133642
0 0.375515 0.972853 0.050276 0.0542946 0.130547
0 0.684468 0.526827 0.0225981 0.0913934 0.116842
0 0.819055 0.47252 0.0306618 0.0900756 0.115312
0 0.561603 0.969037 0.0428082 0.0619266 0.112995
0 0.824976 0.471569 0.0371399 0.0948638 0.112943
0 0.898003 0.791889 0.022033 0.0871765 0.111958
0 0.00900504 0.87659 0.0179745 0.0828066 0.107698
0 0.470315 0.191656 0.0328288 0.101084 0.105186
0 0.4129 0.83875 0.0334389 0.101668 0.103837
0 0.789277 0.96092 0.0313438 0.0781605 0.102198
0 0.694719 0.700239 0.035603 0.186668 0.101278
0 0.153016 0.145182 0.0247258 0.106364 0.100938
