0 0.170541 0.0776859 0.0254496 0.0895582 0.528455
0 0.0596707 0.312534 0.0376152 0.150669 0.511868
0 0.172045 0.566714 0.036243 0.0950062 0.380443
0 0.0211129 0.243494 0.0401 0.14923 0.376502
0 0.09662 0.59915 0.03693 0.0930784 0.359591
0 0.757359 0.931534 0.0290614 0.0804264 0.343168
0 0.0855447 0.811111 0.0487682 0.0953657 0.293198
0 0.0572482 0.332312 0.0407528 0.117709 0.251781
0 0.0847481 0.793707 0.0281307 0.063819 0.225827
0 0.0201187 0.703803 0.0398154 0.177316 0.168747
0 0.0192968 0.478924 0.0310773 0.0846727 0.15547
0 0.0151031 0.236096 0.0299247 0.135244 0.148421
0 0.0848797 0.799255 0.0344669 0.0755864 0.147308
0 0.854475 0.913954 0.0462891 0.103441 0.142472
0 0.864545 0.670399 0.0499378 0.116357 0.141959
0 0.773711 0.816259 0.0325903 0.0763782 0.136664
0 0.828731 0.728152 0.0278927 0.107963 0.133192
0 0.705613 0.981699 0.0347162 0.0366013 0.122426
0 0.960587 0.94301 0.0434406 0.106905 0.116962
30 0.171816 0.116604 0.0308927 0.0243616 0.116445
31 0.0847135 0.842396 0.0466072 0.0349472 0.10837
0 0.607125 0.610076 0.0309753 0.0813102 0.105434
0 0.927405 0.835059 0.0363125 0.0756306 0.104638
0 0.016883 0.493321 0.0328908 0.115753 0.104527
