0 0.167619 0.0775512 0.0294221 0.0884843 0.576584
0 0.090052 0.599545 0.0297384 0.0950924 0.513342
0 0.169408 0.566923 0.0378999 0.0976999 0.396442
0 0.0585853 0.31555 0.0359109 0.147773 0.392936
0 0.0827311 0.812246 0.0526567 0.10007 0.334248
0 0.763083 0.930933 0.0239643 0.0819074 0.313117
0 0.0203805 0.243052 0.040761 0.149681 0.302148
0 0.830225 0.722681 0.0291378 0.102204 0.297247
0 0.0164329 0.699951 0.0328658 0.169836 0.280448
0 0.0155525 0.48705 0.0259499 0.097633 0.261661
30 0.168286 0.116622 0.0345448 0.0225127 0.203274
0 0.0814433 0.802159 0.0412498 0.0788195 0.202339
0 0.853279 0.877139 0.0489837 0.169744 0.195159
0 0.015128 0.508079 0.0292044 0.144431 0.17538
0 0.854176 0.915404 0.0471805 0.101221 0.159955
0 0.875815 0.980656 0.02281 0.0386876 0.153249
0 0.0787341 0.792543 0.0416512 0.0628744 0.153243
0 0.016339 0.676314 0.0321372 0.120448 0.151032
0 0.0605479 0.297157 0.0281112 0.111648 0.137212
0 0.776061 0.816169 0.0304101 0.076216 0.134816
0 0.984116 0.972858 0.0240255 0.0542833 0.116915
0 0.00667251 0.0747013 0.013307 0.0474112 0.11234
0 0.856037 0.665504 0.0265568 0.091253 0.10598
0 0.840292 0.826475 0.0362944 0.0923881 0.103699
0 0.929704 0.835488 0.0398812 0.0762319 0.102178
0 0.866716 0.671207 0.0489443 0.111416 0.101726
0 0.0597541 0.272004 0.0224182 0.0642628 0.100744
