0 0.92432 0.132645 0.0390155 0.0919373 0.582645
0 0.269211 0.0648546 0.0259477 0.0874999 0.451176
0 0.306332 0.574736 0.0247241 0.0948731 0.442282
0 0.0331624 0.746162 0.0340344 0.147918 0.441993
0 0.634129 0.892975 0.0271343 0.0885191 0.384971
0 0.59454 0.966566 0.0383052 0.0668684 0.378676
0 0.763748 0.971551 0.0270962 0.0568981 0.355248
0 0.955656 0.97426 0.0330589 0.0514793 0.305512
0 0.668508 0.841198 0.030937 0.0832903 0.301378
0 0.737003 0.731237 0.0275655 0.103072 0.296881
0 0.119524 0.745938 0.0293266 0.0985226 0.295611
0 0.224569 0.595475 0.0292355 0.0929215 0.245706
0 0.13214 0.508345 0.0232597 0.0918714 0.240677
9 0.630191 0.651838 0.024288 0.0859227 0.239314
0 0.823837 0.811844 0.0344578 0.0862246 0.232051
0 0.949047 0.97378 0.0461758 0.0524404 0.231807
0 0.119257 0.758425 0.0355293 0.125029 0.221004
0 0.00692475 0.649112 0.0138495 0.132895 0.220979
0 0.222127 0.853169 0.0355618 0.0796423 0.216567
0 0.0980819 0.414424 0.0261587 0.0880793 0.214734
0 0.0510111 0.611183 0.0382387 0.130564 0.204393
0 0.884833 0.971562 0.0246724 0.0568759 0.1971
0 0.00965797 0.648486 0.0192967 0.126183 0.196782
0 0.173082 0.28683 0.0240007 0.109711 0.185728
0 0.0555083 0.140528 0.0276479 0.105582 0.164476
0 0.124459 0.26522 0.0216452 0.105215 0.162453
9 0.721954 0.290999 0.0277366 0.088159 0.158278
0 0.170549 0.275259 0.0269694 0.0866438 0.157523
0 0.170922 0.29859 0.028546 0.134874 0.148155
0 0.118368 0.186931 0.0178317 0.0539374 0.138338
30 0.274367 0.106405 0.0399889 0.0242736 0.136245
0 0.742199 0.876958 0.042645 0.163629 0.133475
0 0.122681 0.248387 0.024134 0.129675 0.133332
0 0.0482937 0.596467 0.0398266 0.100899 0.13057
0 0.164376 0.284157 0.0291348 0.0996853 0.124092
0 0.0884851 0.0311778 0.0353688 0.0623556 0.119677
9 0.608285 0.517818 0.0405104 0.098248 0.117296
0 0.775654 0.648497 0.0436591 0.100985 0.117276
0 0.932789 0.71611 0.0238124 0.0948995 0.113055
9 0.547774 0.390325 0.0237776 0.0915093 0.111266
0 0.744335 0.837654 0.0426723 0.0994382 0.109192
0 0.163489 0.312043 0.0293192 0.111673 0.10386
30 0.187758 0.501645 0.093531 0.447424 0.10379
