0 0.732941 0.921686 0.0307337 0.09866 0.440807
0 0.493937 0.953472 0.0385037 0.0881429 0.359578
0 0.336556 0.973462 0.0266561 0.0530751 0.321294
0 0.604264 0.820346 0.0289802 0.118647 0.317965
0 0.292926 0.85647 0.0440035 0.104276 0.310123
0 0.977311 0.648702 0.0237251 0.0982178 0.309987
0 0.901394 0.799682 0.0237987 0.0946163 0.282041
0 0.142446 0.944018 0.0360495 0.0992089 0.256156
0 0.503652 0.438472 0.0244283 0.0961393 0.231587
0 0.707234 0.969857 0.0380064 0.0602858 0.202731
0 0.0719154 0.930959 0.0412642 0.127477 0.195372
0 0.825783 0.655333 0.0346603 0.0840414 0.179865
0 0.585669 0.783164 0.0313596 0.169428 0.178238
0 0.588447 0.984461 0.0211962 0.0310782 0.171852
0 0.550506 0.880302 0.0413515 0.105814 0.160321
0 0.596067 0.810678 0.0337062 0.127615 0.146597
0 0.42629 0.134351 0.0272962 0.109365 0.130756
0 0.346791 0.136846 0.0240915 0.105996 0.129641
0 0.585129 0.74107 0.0302043 0.0895542 0.128101
0 0.749626 0.627655 0.0222197 0.0967587 0.119465
0 0.215779 0.749827 0.0256475 0.0738749 0.117777
0 0.494841 0.113121 0.0190636 0.0949969 0.117256
0 0.141518 0.928986 0.0345636 0.069433 0.116516
0 0.469384 0.315653 0.0187739 0.0944519 0.104911
0 0.042094 0.210008 0.0376115 0.0981427 0.100645
