0 0.432692 0.954717 0.0394764 0.0890641 0.575373
0 0.912664 0.60464 0.0378071 0.171338 0.564654
0 0.764487 0.236986 0.0347446 0.140035 0.503248
0 0.0460896 0.967757 0.0392188 0.0644869 0.391913
0 0.72626 0.831258 0.037524 0.12004 0.351223
0 0.641365 0.955455 0.0447032 0.0890893 0.295648
0 0.0994639 0.870303 0.0457481 0.0960238 0.28667
0 0.547023 0.813684 0.033983 0.138709 0.245105
0 0.147457 0.948324 0.0401685 0.102852 0.232216
0 0.364732 0.864231 0.0397816 0.124522 0.225654
0 0.97118 0.597817 0.0235439 0.0938045 0.217001
0 0.365625 0.848374 0.0338214 0.093701 0.210721
0 0.601307 0.281999 0.02574 0.100292 0.210353
0 0.672861 0.905115 0.0369502 0.0959591 0.177756
0 0.662389 0.296819 0.0311243 0.0939931 0.157068
0 0.238165 0.877258 0.0395899 0.162762 0.154328
0 0.52448 0.980935 0.0232356 0.0381304 0.151483
30 0.536168 0.607614 0.0570745 0.533718 0.144383
0 0.742627 0.766473 0.0203323 0.0904427 0.143107
0 0.24095 0.840657 0.0319473 0.102209 0.13665
0 0.38848 0.984686 0.0187697 0.0306276 0.135408
0 0.236124 0.897309 0.0340054 0.12644 0.131258
0 0.227417 0.251967 0.0200712 0.0920999 0.129184
0 0.337949 0.217542 0.0324967 0.131416 0.129075
0 0.18053 0.209871 0.0369465 0.110177 0.128719
0 0.461533 0.297175 0.0261195 0.0785946 0.127953
0 0.382157 0.0841746 0.0207962 0.0946707 0.12581
0 0.971822 0.586313 0.0191708 0.0721387 0.120835
0 0.46691 0.0784954 0.029192 0.114686 0.119639
0 0.0202975 0.885213 0.0265738 0.0820621 0.114839
0 0.186144 0.0991981 0.0268009 0.0991179 0.111716
0 0.094934 0.645118 0.0243171 0.0820405 0.111317
0 0.553427 0.439597 0.0263491 0.101351 0.10936
0 0.53637 0.979181 0.0483134 0.0416386 0.108097
0 0.434744 0.197196 0.0273552 0.0929707 0.105362
