0 0.590679 0.849206 0.0266863 0.106677 0.57539
0 0.502425 0.859003 0.0355959 0.093042 0.501842
0 0.264776 0.148885 0.0374038 0.104468 0.292112
0 0.975401 0.689856 0.048862 0.356604 0.277437
0 0.741859 0.959277 0.0392649 0.0814467 0.256016
0 0.490992 0.978137 0.0303063 0.0437264 0.22586
0 0.737447 0.964564 0.0289475 0.0708712 0.204317
0 0.759749 0.188493 0.026606 0.101315 0.196571
0 0.798789 0.792684 0.0340401 0.17409 0.18901
0 0.0970428 0.182508 0.0241463 0.0977226 0.174877
0 0.133338 0.306585 0.0248688 0.096278 0.16501
0 0.707719 0.102869 0.0258056 0.0865073 0.159782
0 0.00483901 0.970582 0.00967802 0.0582817 0.151775
0 0.535278 0.332953 0.0244315 0.0793744 0.151539
0 0.157327 0.965857 0.0411023 0.0682861 0.150068
0 0.293364 0.32393 0.0329948 0.116034 0.14638
0 0.755838 0.441574 0.0213287 0.11316 0.144423
0 0.726813 0.742501 0.05102 0.208572 0.141248
30 0.288796 0.588838 0.0800992 0.427563 0.13718
30 0.394405 0.613289 0.0547752 0.415033 0.13468
0 0.195452 0.262483 0.0308126 0.10898 0.131012
0 0.896216 0.316631 0.0319144 0.0980562 0.117589
0 0.67644 0.843955 0.0272991 0.0859981 0.117206
0 0.866588 0.230044 0.0251282 0.0916955 0.115668
0 0.79389 0.967553 0.0278376 0.0645617 0.114779
30 0.214917 0.454127 0.0535138 0.24025 0.111568
0 0.309336 0.029874 0.0279489 0.0597479 0.111389
0 0.171887 0.348909 0.0342009 0.0947088 0.110247
30 0.921057 0.602645 0.0658162 0.548878 0.104039
0 0.777805 0.589767 0.0226143 0.0922842 0.101206
