0 0.41065 0.96537 0.0536961 0.06926 0.530294
0 0.876586 0.975245 0.0244789 0.0495109 0.507772
0 0.193403 0.252452 0.0503537 0.12539 0.446315
0 0.0602302 0.838435 0.0397401 0.12439 0.379063
0 0.150086 0.817007 0.0374187 0.0870279 0.359118
0 0.980524 0.563995 0.0379091 0.111204 0.358079
0 0.744139 0.948042 0.0243281 0.0931581 0.353643
0 0.445404 0.837619 0.0353396 0.153009 0.336986
0 0.667764 0.249907 0.0309658 0.139806 0.292969
0 0.817101 0.872396 0.0367573 0.105651 0.281295
0 0.0859619 0.242548 0.0551134 0.120034 0.270554
0 0.144769 0.922608 0.0451391 0.147683 0.205045
0 0.0652702 0.827456 0.0293249 0.106402 0.204642
0 0.128808 0.178057 0.0346393 0.113963 0.199941
0 0.555182 0.863481 0.0243332 0.0777294 0.184908
0 0.382583 0.312367 0.0248926 0.0897497 0.179717
0 0.527166 0.950833 0.0726927 0.0983337 0.172627
0 0.897846 0.790272 0.0228841 0.0863622 0.16489
0 0.907252 0.552332 0.0222221 0.106353 0.155965
0 0.289995 0.297761 0.0300233 0.113424 0.155671
0 0.0137344 0.69678 0.0273232 0.207777 0.146389
0 0.89784 0.803846 0.0254162 0.117039 0.134089
0 0.36875 0.0625276 0.0393082 0.125055 0.129197
30 0.492564 0.42008 0.0323747 0.206165 0.129075
0 0.813141 0.573164 0.0510957 0.204652 0.125643
30 0.340175 0.888508 0.0540928 0.077595 0.124932
0 0.248898 0.201125 0.030741 0.0824832 0.105353
