0 0.149512 0.959932 0.0401869 0.0801359 0.544939
0 0.868144 0.957462 0.030868 0.0850755 0.40465
30 0.431042 0.603505 0.0761012 0.551517 0.358742
30 0.189783 0.545615 0.0683147 0.426344 0.329921
0 0.892243 0.816383 0.0410096 0.126331 0.329159
0 0.711679 0.806551 0.0355887 0.14869 0.327826
0 0.228633 0.955505 0.0448998 0.0817233 0.296553
30 0.282096 0.601261 0.074492 0.536101 0.289006
30 0.537152 0.613492 0.0609182 0.529586 0.27843
30 0.25234 0.597839 0.10659 0.520906 0.272084
0 0.627501 0.95969 0.0416472 0.0806198 0.266075
30 0.230122 0.598342 0.0766 0.514464 0.253408
0 0.599381 0.251109 0.0290632 0.0939988 0.242182
0 0.905937 0.824615 0.0209054 0.106102 0.188599
30 0.551931 0.609703 0.0527517 0.550916 0.173244
30 0.335449 0.582882 0.0574527 0.476821 0.171584
30 0.564732 0.619948 0.0465705 0.541705 0.168081
30 0.610124 0.598208 0.0399951 0.552393 0.167594
30 0.290303 0.644399 0.081461 0.462681 0.162046
0 0.953164 0.632977 0.0299699 0.0888977 0.154045
30 0.212387 0.555687 0.0725383 0.437951 0.142107
0 0.928902 0.213002 0.0339977 0.143978 0.137952
30 0.567057 0.716131 0.046493 0.358945 0.132657
30 0.503253 0.600169 0.0547632 0.550978 0.130647
0 0.451714 0.329334 0.0189829 0.0755543 0.127046
0 0.0958031 0.177348 0.0267944 0.10084 0.126804
30 0.492837 0.678438 0.0690013 0.434594 0.12557
0 0.751876 0.211521 0.0267998 0.115777 0.125342
0 0.0313719 0.324375 0.0256452 0.0870909 0.12331
30 0.0684301 0.926074 0.0408549 0.0476311 0.122595
0 0.885425 0.809851 0.0257413 0.120949 0.122009
0 0.669695 0.188157 0.0249754 0.0997077 0.119671
0 0.654222 0.277867 0.0194776 0.065515 0.118984
30 0.341758 0.54521 0.0614846 0.467156 0.116197
30 0.161875 0.771297 0.0357587 0.191101 0.115061
30 0.421608 0.579902 0.0623461 0.494415 0.114584
30 0.457872 0.608487 0.136991 0.585915 0.111672
0 0.402112 0.861858 0.0288965 0.0889656 0.111492
30 0.29813 0.678274 0.0772067 0.385612 0.10559
30 0.353503 0.576135 0.0858045 0.484836 0.105458
30 0.30226 0.600725 0.0779482 0.536248 0.104246
