0 0.982794 0.244092 0.0338184 0.112191 0.571793
0 0.239192 0.956575 0.0299932 0.0868499 0.53615
0 0.87598 0.115594 0.0253574 0.0914882 0.481605
0 0.669866 0.91102 0.0391564 0.112224 0.4495
0 0.356878 0.962692 0.0441038 0.0746154 0.433952
0 0.423457 0.086921 0.0277912 0.103529 0.420761
0 0.305549 0.257997 0.0212653 0.0981693 0.398814
0 0.199618 0.151831 0.0246409 0.0969896 0.397818
0 0.687487 0.0597079 0.0205117 0.0971391 0.391163
0 0.802046 0.975568 0.0291731 0.0488643 0.386397
0 0.148478 0.954017 0.0344898 0.0919652 0.376327
0 0.70529 0.672755 0.0257099 0.0965042 0.329602
0 0.10905 0.889039 0.0376291 0.098191 0.317394
0 0.952863 0.76905 0.049435 0.251525 0.316353
0 0.642462 0.825659 0.020626 0.10343 0.309485
0 0.871479 0.730212 0.038892 0.120819 0.288402
0 0.574676 0.53521 0.0285809 0.0972999 0.277992
0 0.676122 0.518686 0.0236144 0.0971642 0.248562
0 0.821477 0.703887 0.0347639 0.0991453 0.23885
0 0.704893 0.210841 0.0183143 0.090492 0.238847
0 0.654054 0.26893 0.0287919 0.123084 0.225156
0 0.420163 0.8347 0.0317697 0.0871271 0.223256
0 0.675229 0.835278 0.0323686 0.119738 0.222372
0 0.93975 0.927684 0.0416092 0.0958603 0.222206
0 0.577006 0.047204 0.0350996 0.0944081 0.211973
0 0.9146 0.184179 0.028895 0.0997552 0.209953
0 0.285157 0.0883277 0.028682 0.110138 0.209345
0 0.656303 0.239535 0.0261232 0.0675298 0.208968
0 0.0990966 0.177922 0.0228284 0.0789521 0.207782
0 0.826626 0.181855 0.0293225 0.0899354 0.207534
0 0.149115 0.972477 0.0330871 0.0550452 0.197608
0 0.361923 0.940544 0.0328318 0.0668501 0.179951
0 0.481831 0.314114 0.0215799 0.0996024 0.17758
0 0.652688 0.29232 0.0268642 0.0844428 0.170701
0 0.333295 0.316376 0.0262028 0.117128 0.161241
0 0.239993 0.366762 0.0285253 0.0918164 0.160836
0 0.358989 0.471309 0.0304469 0.187424 0.155705
0 0.672752 0.854217 0.0354982 0.159698 0.148416
0 0.609279 0.617188 0.0308435 0.124668 0.142258
0 0.749759 0.732741 0.031049 0.100136 0.137855
0 0.609101 0.322023 0.020278 0.0855324 0.129577
0 0.778094 0.168903 0.0352545 0.136968 0.126838
0 0.721794 0.2233 0.0501655 0.0771417 0.119111
0 0.842049 0.567358 0.0244795 0.0990834 0.116954
0 0.673542 0.347972 0.0211142 0.0849151 0.116513
0 0.360695 0.454627 0.0252132 0.148329 0.112995
0 0.431911 0.582454 0.0327207 0.0890918 0.11108
0 0.33356 0.302824 0.022883 0.0885781 0.104629
30 0.458524 0.599815 0.06924 0.539055 0.102562
0 0.861495 0.251406 0.0256727 0.0936185 0.102302
