0 0.308581 0.877498 0.0318711 0.0946071 0.584105
0 0.308321 0.595182 0.0249383 0.0920299 0.533412
0 0.688608 0.968177 0.0300065 0.0636469 0.49016
0 0.111153 0.780934 0.048824 0.103191 0.468037
0 0.231109 0.746869 0.0286923 0.102734 0.460174
0 0.33736 0.0553445 0.0203663 0.0861731 0.450474
0 0.593467 0.845159 0.0268556 0.0822569 0.40665
0 0.878681 0.969382 0.0456284 0.0612362 0.328509
0 0.195036 0.76923 0.0419839 0.121819 0.299407
36 0.305989 0.915351 0.0396833 0.0283674 0.272461
0 0.783553 0.943201 0.0329237 0.092431 0.253082
0 0.117668 0.639046 0.0408292 0.152741 0.253034
0 0.519667 0.96208 0.0373623 0.0758405 0.238283
0 0.18922 0.759039 0.0326608 0.103902 0.233965
0 0.982788 0.791845 0.0337369 0.101161 0.215856
0 0.0245374 0.844954 0.0490265 0.17778 0.208901
0 0.244628 0.293172 0.0414292 0.135109 0.206736
0 0.184692 0.269971 0.0336183 0.121271 0.191831
9 0.661821 0.299553 0.0230114 0.0810352 0.190531
0 0.75165 0.807118 0.0269664 0.0757363 0.183697
0 0.394161 0.578356 0.0418028 0.0941842 0.182078
0 0.228288 0.760807 0.0328844 0.128258 0.1765
0 0.25008 0.286087 0.0294078 0.118484 0.174931
0 0.747345 0.807076 0.0385108 0.0791943 0.174581
0 0.549214 0.878036 0.0265777 0.083606 0.169421
0 0.115519 0.615517 0.0395478 0.105598 0.160295
0 0.0610732 0.215634 0.0325396 0.102623 0.158606
0 0.982476 0.642134 0.0346703 0.404894 0.155584
0 0.818409 0.966189 0.0259727 0.0609706 0.153118
0 0.0183628 0.6963 0.0367025 0.163005 0.151334
0 0.861352 0.15488 0.0276741 0.0891546 0.140841
0 0.184737 0.246543 0.0323399 0.173584 0.131876
0 0.0764669 0.634598 0.0239468 0.0735193 0.130379
0 0.678202 0.753805 0.027655 0.135764 0.129652
0 0.293942 0.283144 0.0172375 0.0602849 0.127408
0 0.879448 0.709027 0.0256359 0.091663 0.127179
0 0.838073 0.589671 0.0427945 0.0986818 0.123119
0 0.985921 0.640062 0.0274178 0.278972 0.120814
0 0.547918 0.867394 0.0205328 0.0655814 0.120374
30 0.335843 0.0936751 0.0225517 0.0280978 0.118665
0 0.111966 0.756838 0.0524028 0.152011 0.117794
0 0.084372 0.139129 0.0262298 0.0909644 0.117341
0 0.683626 0.439551 0.0263367 0.107137 0.115244
36 0.306653 0.922467 0.0414066 0.0340134 0.114978
31 0.0214353 0.954426 0.0387923 0.0436775 0.111721
0 0.728541 0.401565 0.0250283 0.0910145 0.111468
0 0.54736 0.959266 0.0376312 0.0801096 0.109025
0 0.926196 0.562814 0.0331242 0.133846 0.108712
0 0.835518 0.580427 0.0329811 0.0833625 0.108539
30 0.0201837 0.95237 0.0401935 0.0468208 0.10788
0 0.122603 0.682508 0.0274037 0.0779928 0.106183
0 0.534204 0.960124 0.0647221 0.0797521 0.105761
0 0.234889 0.285979 0.0238871 0.105622 0.105538
