0 0.402818 0.0434134 0.0358382 0.0868269 0.471108
0 0.187306 0.772161 0.0365899 0.0901703 0.388518
0 0.94884 0.783689 0.0398003 0.113452 0.366491
0 0.676655 0.813011 0.0267584 0.0981646 0.312966
0 0.0913578 0.7979 0.0421624 0.103244 0.287464
0 0.448989 0.960643 0.0379221 0.0776864 0.287242
9 0.605385 0.320527 0.0224756 0.0939807 0.273216
0 0.253117 0.2384 0.0408936 0.139448 0.265995
0 0.820709 0.971201 0.0451174 0.0575976 0.245615
0 0.126036 0.209609 0.0270888 0.0963711 0.242243
0 0.78918 0.183872 0.0366515 0.0867584 0.236209
0 0.626871 0.441848 0.0231476 0.104007 0.226609
0 0.317935 0.303721 0.039082 0.101715 0.207942
0 0.617484 0.740555 0.0270651 0.0989012 0.204873
30 0.318594 0.626764 0.0708933 0.401554 0.188028
0 0.103597 0.924308 0.0524031 0.105027 0.179231
9 0.177951 0.0320606 0.0333648 0.0624152 0.16245
0 0.616737 0.956871 0.020179 0.084411 0.151545
31 0.397936 0.97285 0.0330958 0.054301 0.143628
0 0.7032 0.368152 0.0198939 0.0608998 0.14318
30 0.13313 0.645984 0.0658238 0.313315 0.143029
0 0.399749 0.902702 0.0319745 0.101874 0.141334
0 0.00902394 0.950762 0.0180479 0.098475 0.14089
30 0.104942 0.96208 0.0575234 0.0396279 0.138434
0 0.319282 0.282415 0.0399488 0.129891 0.13818
30 0.341644 0.533485 0.0718068 0.492436 0.138124
0 0.0830571 0.696249 0.0340153 0.15386 0.13528
0 0.953413 0.771641 0.0299411 0.0918338 0.134696
0 0.0465315 0.210891 0.0384712 0.0948306 0.134251
0 0.117881 0.869822 0.0351671 0.0904001 0.131278
0 0.824294 0.704076 0.0243866 0.107964 0.128828
0 0.0129628 0.598397 0.0259256 0.14471 0.126713
0 0.585983 0.959965 0.0257267 0.0792572 0.117585
0 0.314674 0.283414 0.0318132 0.094876 0.113724
0 0.308698 0.298651 0.0202391 0.0941225 0.110021
30 0.311323 0.572757 0.0706616 0.509897 0.109227
0 0.0409588 0.20807 0.0287469 0.090514 0.103459
0 0.517791 0.851428 0.0380617 0.0686094 0.102639
0 0.931121 0.510765 0.0272549 0.0987553 0.101961
0 0.754113 0.958313 0.0346295 0.0833742 0.101305
0 0.400949 0.886249 0.0276389 0.069815 0.100882
0 0.984976 0.0847542 0.029237 0.102555 0.100379
