0 0.765965 0.952495 0.0368357 0.0940695 0.45992
0 0.285262 0.0516414 0.0247938 0.103283 0.40555
0 0.753081 0.415844 0.0222202 0.11055 0.342971
0 0.700223 0.455159 0.0240875 0.113954 0.277075
0 0.169288 0.949715 0.0353031 0.0963858 0.229211
0 0.884053 0.40013 0.0243458 0.0936871 0.191255
0 0.56138 0.975368 0.0313693 0.0492635 0.180976
0 0.365778 0.200178 0.0312071 0.106991 0.177538
0 0.128407 0.23007 0.0395038 0.121299 0.15579
0 0.765962 0.975114 0.0372863 0.0495098 0.138719
0 0.302988 0.224856 0.0229269 0.10023 0.131529
0 0.598983 0.237689 0.0222743 0.0988639 0.131519
0 0.715972 0.632965 0.0233861 0.0978008 0.128234
0 0.221578 0.867765 0.0274826 0.0798036 0.11805
0 0.773069 0.102002 0.0297033 0.094873 0.115448
0 0.613554 0.568909 0.0245402 0.138494 0.114713
0 0.590181 0.28372 0.0252468 0.0924303 0.112663
0 0.898212 0.838661 0.0305248 0.209938 0.111029
0 0.652026 0.0294845 0.0311357 0.0589689 0.10713
0 0.597878 0.221232 0.0228778 0.0662078 0.101264
0 0.772098 0.0930433 0.0254483 0.0734787 0.100657
