0 0.0335129 0.95023 0.03299 0.0995402 0.523118
0 0.894358 0.719427 0.0321678 0.184091 0.484196
0 0.143479 0.970938 0.0389795 0.0581231 0.482881
0 0.0446154 0.21859 0.0366295 0.107561 0.480855
0 0.19054 0.0470819 0.0365383 0.0903971 0.450762
0 0.420975 0.967765 0.0303504 0.0644698 0.404665
0 0.649036 0.971374 0.0309386 0.0572526 0.353809
0 0.343585 0.150341 0.0313877 0.107755 0.336159
0 0.596125 0.950105 0.0481695 0.0986903 0.306921
0 0.169114 0.186065 0.0243953 0.0861667 0.305729
0 0.213939 0.930597 0.0332257 0.0804416 0.272704
0 0.258643 0.960993 0.0362071 0.0764453 0.271435
0 0.611652 0.210471 0.0271334 0.0858983 0.24269
0 0.0677972 0.188567 0.0356951 0.101947 0.218532
0 0.395907 0.858992 0.0304169 0.0940146 0.207821
0 0.366803 0.804541 0.0314727 0.0865835 0.198191
33 0.562523 0.0347943 0.0253921 0.0695886 0.192897
0 0.415804 0.970258 0.0393273 0.0594846 0.187651
0 0.851327 0.526971 0.0214119 0.0874429 0.186805
0 0.265351 0.787858 0.0338096 0.139495 0.174767
0 0.28074 0.198957 0.0261336 0.105283 0.173986
0 0.0637194 0.186809 0.0247686 0.0992844 0.164309
0 0.0687582 0.791987 0.0453158 0.11648 0.148898
0 0.836554 0.410683 0.0325293 0.118202 0.144233
0 0.404484 0.973657 0.0435783 0.0526867 0.139458
0 0.847964 0.0975511 0.0321561 0.0996519 0.138645
0 0.279696 0.179373 0.023221 0.0663259 0.138341
0 0.961022 0.379351 0.0364021 0.116816 0.136803
0 0.0994713 0.622059 0.0332221 0.142409 0.133549
0 0.631471 0.921728 0.0314813 0.0897061 0.130286
0 0.112423 0.806037 0.0302353 0.103452 0.128183
0 0.195292 0.625418 0.0273513 0.0850948 0.12493
