0 0.748042 0.960044 0.0442733 0.0799114 0.463626
0 0.51098 0.865767 0.0276207 0.101203 0.454973
0 0.593587 0.849165 0.0334316 0.115305 0.431038
0 0.482705 0.975086 0.0376776 0.0498278 0.420219
0 0.801576 0.787431 0.0420873 0.175687 0.30877
0 0.682469 0.839223 0.0282889 0.0963969 0.264638
0 0.268834 0.144378 0.0349065 0.114373 0.259287
30 0.343936 0.601577 0.0684687 0.515691 0.233488
0 0.686954 0.211903 0.0222492 0.086212 0.216622
0 0.784737 0.591134 0.0257601 0.100232 0.213153
0 0.803898 0.970032 0.0275513 0.0599353 0.200561
30 0.387757 0.617911 0.055984 0.411835 0.190238
0 0.652146 0.809361 0.0270002 0.102159 0.189754
0 0.867321 0.720754 0.0596844 0.121069 0.187399
30 0.407701 0.608256 0.0789845 0.442005 0.183659
30 0.29276 0.635891 0.0587367 0.389067 0.16501
0 0.766685 0.190015 0.0336201 0.0990699 0.161376
0 0.0977241 0.183167 0.0247174 0.0972995 0.158753
0 0.603321 0.335007 0.0284653 0.0862606 0.148663
30 0.28729 0.588321 0.0659118 0.491317 0.147072
0 0.305544 0.0306114 0.0338396 0.0612228 0.137321
0 0.437581 0.0963406 0.0362278 0.122106 0.137024
0 0.985984 0.698084 0.0276657 0.34984 0.135652
0 0.734302 0.74536 0.0479692 0.192187 0.135108
0 0.565984 0.667401 0.0270086 0.094608 0.134272
0 0.197839 0.24835 0.0294261 0.0997114 0.125228
30 0.169451 0.698102 0.0702767 0.351766 0.113765
0 0.156672 0.964861 0.041984 0.0697986 0.113096
0 0.652379 0.165524 0.0246507 0.0872934 0.112506
0 0.537816 0.611546 0.0276646 0.108356 0.109205
0 0.747791 0.443009 0.0219913 0.116822 0.106224
0 0.715026 0.103112 0.0226179 0.0957109 0.104797
0 0.335642 0.317852 0.0223189 0.104115 0.103824
0 0.986105 0.60459 0.0269958 0.15171 0.103773
30 0.429986 0.648081 0.0611037 0.392105 0.1013
0 0.650342 0.203868 0.0265242 0.153319 0.100527
0 0.65434 0.821003 0.0274443 0.110701 0.100384
