0 0.898701 0.808518 0.0268776 0.131592 0.511694
0 0.377344 0.866693 0.0365351 0.0954056 0.45986
0 0.90354 0.220373 0.0404577 0.131226 0.446906
0 0.149599 0.958197 0.0366392 0.083605 0.424977
0 0.465723 0.848844 0.0268066 0.0950412 0.399667
0 0.92421 0.831881 0.0246522 0.0981435 0.386052
0 0.603236 0.957806 0.039085 0.0843882 0.372594
0 0.694831 0.814818 0.0337535 0.139199 0.33782
0 0.908987 0.228341 0.0290332 0.112266 0.246325
0 0.842775 0.954462 0.031844 0.0888171 0.246063
0 0.590823 0.782284 0.0424952 0.17526 0.2062
0 0.84737 0.620661 0.0249741 0.0970737 0.200931
0 0.229655 0.53285 0.029591 0.115354 0.177918
0 0.139487 0.196264 0.0395199 0.103542 0.160116
0 0.963247 0.313488 0.0314103 0.0901908 0.159917
0 0.64988 0.192402 0.0263264 0.100944 0.142708
0 0.527376 0.528018 0.0221409 0.0932439 0.138797
0 0.8951 0.718741 0.0271895 0.0768096 0.135201
0 0.789611 0.307766 0.0335266 0.0949088 0.133548
0 0.655824 0.0702328 0.0211622 0.0879749 0.131265
0 0.254214 0.958225 0.039372 0.0835503 0.130736
0 0.654012 0.919389 0.0318168 0.0872191 0.128698
0 0.373403 0.875168 0.0477815 0.0958528 0.126421
0 0.537377 0.867073 0.0360088 0.0921298 0.112637
0 0.691132 0.825951 0.0266396 0.114448 0.10867
0 0.00916986 0.353608 0.0183397 0.14372 0.104486
