0 0.703102 0.961119 0.0386387 0.0777619 0.421004
0 0.728484 0.187057 0.0241602 0.0974751 0.348983
0 0.784373 0.447202 0.0267825 0.114964 0.320055
0 0.65175 0.220727 0.0246874 0.0828148 0.317751
0 0.768027 0.786896 0.0377953 0.132691 0.291296
0 0.554192 0.854489 0.0209416 0.103574 0.276803
0 0.468037 0.86072 0.030797 0.0996738 0.250381
0 0.228243 0.154642 0.0306399 0.101674 0.206071
0 0.620414 0.177218 0.0261684 0.0988414 0.19714
0 0.39967 0.101904 0.0321214 0.116241 0.188877
0 0.253588 0.624857 0.0251788 0.094696 0.177859
0 0.110224 0.7746 0.0468662 0.190549 0.177259
0 0.456842 0.160275 0.0168074 0.0815498 0.166478
0 0.83726 0.232806 0.0289747 0.0863934 0.166045
0 0.508709 0.332204 0.0204977 0.0832963 0.165096
0 0.335577 0.0301153 0.0267424 0.0602306 0.163216
0 0.673223 0.103103 0.0315401 0.0993108 0.162625
0 0.567852 0.332967 0.0197569 0.0921465 0.161966
0 0.158915 0.961555 0.0519588 0.0764832 0.145101
30 0.866925 0.588297 0.0478783 0.569073 0.13742
0 0.699978 0.280883 0.0260493 0.100002 0.130762
0 0.832425 0.793095 0.0345982 0.170257 0.124967
0 0.270205 0.318409 0.030862 0.112183 0.11616
0 0.33418 0.28149 0.0251682 0.100497 0.115915
0 0.412617 0.26848 0.0282111 0.108393 0.114449
30 0.874202 0.594618 0.0744656 0.572033 0.11325
0 0.948379 0.971483 0.0284873 0.0570334 0.106915
0 0.865463 0.314214 0.0333389 0.10136 0.102078
