0 0.902503 0.212069 0.0393236 0.1444 0.541717
0 0.899056 0.809487 0.0257798 0.130539 0.520957
0 0.598345 0.956844 0.0372539 0.0863115 0.511495
0 0.926545 0.83128 0.0259068 0.097078 0.490693
0 0.149468 0.957376 0.0366006 0.0852483 0.421991
0 0.835355 0.954778 0.0367607 0.089123 0.39922
0 0.374982 0.866096 0.0336085 0.0951563 0.38517
0 0.69263 0.814122 0.0315126 0.142364 0.337815
0 0.46119 0.846754 0.02297 0.0948025 0.269867
0 0.50251 0.747738 0.0366354 0.106636 0.265605
0 0.961685 0.312993 0.0303148 0.0905188 0.236933
0 0.139113 0.196568 0.0384797 0.104995 0.219083
0 0.230906 0.532809 0.0294137 0.116023 0.193933
0 0.787946 0.304727 0.0322746 0.0958242 0.173788
0 0.527707 0.149907 0.0172022 0.0888663 0.162119
0 0.881471 0.795185 0.0219941 0.103152 0.153017
0 0.240924 0.920581 0.0437555 0.131808 0.136377
0 0.538551 0.86403 0.0410726 0.0850683 0.130256
0 0.649947 0.918548 0.0293232 0.0915039 0.129364
0 0.591708 0.781263 0.0370937 0.171017 0.126671
0 0.813996 0.222934 0.0306633 0.0987946 0.126388
0 0.893145 0.711055 0.0235505 0.0646172 0.124429
0 0.83843 0.623199 0.0417986 0.0972187 0.11674
0 0.139848 0.37031 0.0275868 0.0809847 0.116738
0 0.844487 0.621763 0.0306553 0.0976804 0.105653
0 0.822464 0.221312 0.0411625 0.101098 0.103928
0 0.590657 0.0407398 0.0245656 0.0814797 0.103491
