0 0.026895 0.83431 0.0474966 0.178492 0.583326
0 0.34632 0.0546738 0.0259156 0.0858734 0.568168
0 0.681425 0.966893 0.0243264 0.0651921 0.47743
0 0.120249 0.781156 0.0389638 0.10566 0.448935
0 0.51554 0.96147 0.0418481 0.0770584 0.418751
0 0.317998 0.884379 0.0218008 0.104803 0.383334
0 0.677171 0.441187 0.0265108 0.107131 0.361209
0 0.538483 0.873925 0.0254753 0.0835222 0.335589
0 0.874928 0.969155 0.0383085 0.0616909 0.32867
0 0.982307 0.790756 0.0346233 0.0987608 0.295395
0 0.200984 0.770083 0.0306152 0.120506 0.281156
0 0.0195034 0.695681 0.0384637 0.157871 0.258946
0 0.671264 0.761793 0.030143 0.143543 0.252504
0 0.195189 0.246726 0.04285 0.169436 0.231358
0 0.583471 0.847597 0.0295008 0.0786353 0.226253
0 0.201773 0.756251 0.0262925 0.0926609 0.202288
30 0.640241 0.929152 0.0391671 0.0597902 0.196153
0 0.124875 0.689748 0.0567313 0.275805 0.193615
0 0.248753 0.308116 0.0544986 0.107004 0.17835
0 0.740445 0.805929 0.0328296 0.0851871 0.1703
0 0.317076 0.597676 0.0272093 0.0960872 0.167545
0 0.0252447 0.844616 0.0504894 0.270536 0.166642
30 0.178895 0.547881 0.100715 0.559051 0.162469
0 0.814868 0.965778 0.0250645 0.0667036 0.158231
30 0.0269758 0.933715 0.0536479 0.0916923 0.142273
30 0.208524 0.555535 0.145043 0.545338 0.141462
30 0.160731 0.558418 0.0720898 0.538076 0.13555
0 0.779668 0.926908 0.0262665 0.055034 0.132308
0 0.917746 0.55614 0.0448253 0.153968 0.130633
9 0.657098 0.301324 0.0205619 0.0835529 0.130374
0 0.25421 0.294493 0.0443516 0.133441 0.129644
0 0.0687426 0.216122 0.0349093 0.106823 0.126265
30 0.273508 0.551477 0.104975 0.550016 0.125632
0 0.586093 0.360508 0.0219641 0.0959686 0.124784
0 0.703302 0.665194 0.0308196 0.10082 0.124716
0 0.0833202 0.310235 0.0434557 0.145976 0.1244
0 0.777082 0.944934 0.0356127 0.0911473 0.124143
30 0.0267297 0.948894 0.0531305 0.0626088 0.120042
0 0.714759 0.666973 0.0517612 0.104692 0.118935
0 0.778075 0.93386 0.0308221 0.0674958 0.114126
0 0.086569 0.29525 0.0384126 0.119173 0.11387
9 0.101603 0.03582 0.0331757 0.07164 0.112223
0 0.853805 0.163065 0.0326962 0.0952433 0.105863
0 0.317772 0.900805 0.0216399 0.074878 0.1032
30 0.167839 0.609208 0.0745831 0.432644 0.102841
0 0.0250178 0.926872 0.0500251 0.105607 0.101803
0 0.62405 0.7644 0.0384626 0.131261 0.101785
0 0.415228 0.646354 0.0310133 0.0965407 0.100758
