0 0.605361 0.95654 0.0387163 0.08692 0.582779
0 0.149463 0.958465 0.0377538 0.083069 0.503756
0 0.381671 0.864247 0.0377626 0.0930695 0.458171
0 0.921555 0.829672 0.0236806 0.0966967 0.403543
0 0.696117 0.810294 0.0344465 0.139423 0.37592
0 0.896546 0.807827 0.0245883 0.120481 0.299359
0 0.46811 0.851759 0.0311924 0.0951875 0.286425
0 0.905856 0.223102 0.0379973 0.128157 0.282295
0 0.849576 0.621958 0.0248062 0.0945511 0.279023
0 0.8444 0.955814 0.0470246 0.088295 0.271056
0 0.65927 0.921011 0.0398218 0.0889873 0.254976
0 0.893612 0.77444 0.037579 0.188692 0.226539
0 0.376412 0.871725 0.050446 0.0967999 0.201813
0 0.225886 0.531299 0.0282983 0.108757 0.199667
0 0.656403 0.0697685 0.0225843 0.0969696 0.174822
0 0.91083 0.235586 0.028791 0.102618 0.165146
0 0.582249 0.256208 0.0235899 0.0861089 0.140006
0 0.241185 0.919423 0.0505383 0.157474 0.130051
0 0.799478 0.556467 0.0319106 0.0939069 0.128259
0 0.236516 0.909699 0.0399823 0.134616 0.127749
0 0.791414 0.306727 0.0345684 0.092215 0.122678
0 0.659296 0.589838 0.0223827 0.100083 0.119968
0 0.0109768 0.35426 0.0219536 0.146876 0.11941
30 0.0858469 0.924187 0.0234561 0.0560423 0.118562
0 0.144613 0.349619 0.0311039 0.105436 0.114341
0 0.141376 0.19572 0.0385952 0.107429 0.112231
0 0.554841 0.183753 0.0221388 0.091403 0.109077
0 0.254221 0.0228609 0.0178888 0.0457217 0.107647
0 0.419833 0.19477 0.0290621 0.0884027 0.106855
30 0.0862614 0.912458 0.0228791 0.078044 0.102098
0 0.897037 0.724617 0.0271704 0.0915837 0.10074
0 0.211963 0.32167 0.0303905 0.094564 0.10033
