0 0.785571 0.70252 0.0269436 0.0982518 0.571146
0 0.464377 0.0663949 0.0213979 0.102306 0.56002
0 0.887933 0.266034 0.0381694 0.130932 0.558385
0 0.706456 0.926419 0.0354044 0.0878914 0.504417
0 0.907983 0.740266 0.0447642 0.13323 0.417585
0 0.920756 0.120381 0.0193195 0.0948149 0.412451
0 0.94974 0.183161 0.0296865 0.102606 0.411701
0 0.978273 0.922423 0.0426243 0.102079 0.401015
0 0.644061 0.0814747 0.0315849 0.0963968 0.37852
0 0.6032 0.812592 0.0190287 0.0943619 0.357618
0 0.323609 0.952002 0.0405743 0.0924323 0.336464
0 0.616958 0.0544822 0.0322275 0.108801 0.333714
0 0.351198 0.25433 0.0364289 0.105322 0.328344
0 0.220159 0.0902102 0.0228322 0.0953749 0.325186
0 0.68816 0.267847 0.0294483 0.138079 0.301708
0 0.712302 0.924951 0.0246408 0.0856103 0.299228
0 0.789812 0.556528 0.0284467 0.086804 0.271842
0 0.610838 0.0390081 0.0243394 0.0780162 0.254331
0 0.493793 0.257037 0.021439 0.0955633 0.248933
0 0.634031 0.792089 0.0275328 0.0701901 0.247857
0 0.690698 0.253297 0.0235954 0.105933 0.247396
0 0.766667 0.237442 0.0372525 0.0920099 0.242058
0 0.0980862 0.70371 0.0391445 0.142523 0.236882
0 0.644765 0.0700334 0.0221563 0.0739491 0.231725
0 0.538421 0.557201 0.0383546 0.151201 0.229926
0 0.619946 0.261451 0.0225636 0.0997766 0.224298
0 0.809305 0.133972 0.0313385 0.092203 0.221531
0 0.740541 0.668173 0.0309695 0.109049 0.221096
0 0.978779 0.555035 0.0420453 0.232088 0.21435
0 0.685812 0.281158 0.0266123 0.121309 0.208798
0 0.406127 0.496002 0.0307778 0.161338 0.203926
0 0.586897 0.429182 0.0298145 0.110372 0.197687
0 0.882361 0.575608 0.035907 0.123794 0.194099
0 0.0160101 0.747621 0.0320203 0.15124 0.187519
30 0.28468 0.577171 0.0606808 0.426486 0.185803
0 0.759349 0.236199 0.0479353 0.089602 0.182338
0 0.809173 0.159456 0.0337198 0.145135 0.176848
0 0.132584 0.384306 0.0256096 0.0888733 0.170528
0 0.0993234 0.185299 0.0247896 0.0953595 0.170392
0 0.192367 0.750667 0.034975 0.104152 0.170273
0 0.380419 0.452249 0.0232955 0.109976 0.166195
30 0.2158 0.46968 0.04782 0.264424 0.164916
0 0.718321 0.582887 0.0326087 0.0970651 0.161155
0 0.104126 0.675547 0.0263809 0.0871871 0.159372
0 0.865769 0.174635 0.0395604 0.093226 0.150532
30 0.2845 0.512716 0.0747615 0.35124 0.149716
30 0.446302 0.520278 0.0614512 0.37269 0.13992
0 0.622945 0.0667227 0.0331573 0.113235 0.138068
0 0.982066 0.69934 0.0343007 0.131469 0.137875
0 0.745054 0.201695 0.0293934 0.0855025 0.133915
30 0.353108 0.546801 0.0411428 0.284556 0.122059
30 0.272926 0.527279 0.0521963 0.34598 0.121433
0 0.553696 0.984901 0.018101 0.030199 0.121196
0 0.647285 0.306706 0.0181911 0.0540803 0.113258
0 0.757463 0.208705 0.0215999 0.0805455 0.111882
30 0.230906 0.495306 0.0572068 0.233659 0.109834
0 0.635127 0.0819607 0.0533396 0.103804 0.109323
30 0.260322 0.489911 0.0564835 0.315529 0.108207
0 0.703736 0.367298 0.0239638 0.0783959 0.105868
0 0.0901619 0.72329 0.0353427 0.111757 0.105013
30 0.305836 0.437233 0.0394581 0.219081 0.104076
0 0.748198 0.199543 0.0215385 0.0795676 0.103843
