0 0.447381 0.973953 0.0295912 0.052094 0.439385
0 0.962038 0.558463 0.0306125 0.0912381 0.423861
0 0.101594 0.882264 0.0324404 0.0872778 0.412012
0 0.937623 0.540748 0.0279681 0.101923 0.407206
0 0.58716 0.874947 0.0254759 0.0971341 0.398686
0 0.253737 0.914967 0.0254248 0.0985058 0.388263
0 0.14477 0.944486 0.0409455 0.101944 0.371519
0 0.48187 0.822488 0.0405497 0.130925 0.312346
0 0.792114 0.396791 0.0228298 0.08072 0.22303
0 0.559119 0.949106 0.0575031 0.101787 0.221782
0 0.179283 0.85407 0.037617 0.138007 0.210907
0 0.836522 0.627521 0.0261536 0.0902709 0.1973
0 0.947123 0.549021 0.046611 0.117814 0.18078
0 0.459103 0.196431 0.0252954 0.113684 0.158065
0 0.359369 0.978665 0.0379509 0.0426696 0.156251
0 0.69199 0.664951 0.0298502 0.10888 0.155375
0 0.601285 0.290651 0.0329628 0.0872765 0.15338
0 0.24857 0.371917 0.0226613 0.0934911 0.139026
0 0.696971 0.244603 0.0276373 0.139739 0.138308
0 0.619809 0.629154 0.0214247 0.0864733 0.129249
0 0.955584 0.566572 0.0448466 0.11109 0.128982
0 0.690323 0.679202 0.0347312 0.137835 0.128688
0 0.021616 0.878648 0.0294193 0.0872678 0.1252
0 0.0742314 0.784503 0.0270722 0.121007 0.117736
0 0.950465 0.570276 0.0537184 0.13914 0.11773
0 0.664491 0.796229 0.0373943 0.104636 0.116886
0 0.400584 0.828683 0.0291308 0.0878834 0.107424
0 0.178205 0.871225 0.0326488 0.103579 0.10323
