0 0.611526 0.828269 0.0268985 0.109405 0.479216
0 0.294218 0.856041 0.0392576 0.100299 0.337343
0 0.503058 0.953771 0.0387299 0.0866038 0.292788
0 0.0737231 0.908019 0.0422748 0.110433 0.290892
0 0.902533 0.796447 0.0265843 0.090353 0.278912
0 0.983669 0.647273 0.0319141 0.0981904 0.255017
0 0.627021 0.199437 0.0259773 0.116329 0.209274
0 0.142945 0.945191 0.0371291 0.101278 0.208961
0 0.594885 0.985292 0.0172996 0.0294158 0.19601
0 0.209653 0.751444 0.0327939 0.0785369 0.183485
0 0.743131 0.93916 0.0389975 0.111782 0.176866
0 0.348825 0.146102 0.0243295 0.110066 0.169506
0 0.803195 0.749966 0.0258585 0.100768 0.167466
0 0.332153 0.970756 0.0276845 0.058488 0.164541
0 0.558787 0.88454 0.0465546 0.0969741 0.153141
0 0.210248 0.0521802 0.0223505 0.10368 0.153022
0 0.0483314 0.212934 0.0338506 0.0951 0.151406
0 0.675862 0.776127 0.0348849 0.109408 0.151316
0 0.498891 0.437794 0.024705 0.0978258 0.148238
0 0.563368 0.436144 0.0251792 0.117104 0.142773
30 0.44554 0.601692 0.0726414 0.556883 0.137808
30 0.373691 0.640133 0.105551 0.464504 0.132254
0 0.730825 0.940373 0.0685123 0.119254 0.127997
0 0.105992 0.755961 0.0447013 0.109502 0.124116
0 0.254638 0.717043 0.0177795 0.084345 0.123391
0 0.610047 0.811932 0.0274279 0.139734 0.115649
0 0.0670658 0.980935 0.0303955 0.03813 0.11444
0 0.71484 0.294153 0.0348559 0.0878336 0.112007
0 0.485275 0.198151 0.0236719 0.0856646 0.107964
0 0.866736 0.56322 0.027267 0.0942825 0.10598
0 0.0351677 0.872337 0.0470263 0.0917168 0.100687
0 0.475549 0.316638 0.022055 0.0961539 0.10049
