0 0.853856 0.631058 0.0309383 0.0928674 0.57376
0 0.798167 0.967261 0.0347741 0.0654785 0.500401
0 0.94571 0.561113 0.0379806 0.100569 0.473621
0 0.708456 0.244541 0.041149 0.145504 0.431679
0 0.607548 0.884095 0.0328196 0.0942949 0.399812
0 0.379526 0.96929 0.0418278 0.0614205 0.364541
0 0.462858 0.974537 0.0251621 0.0509254 0.354674
0 0.492011 0.799507 0.0426067 0.161763 0.340119
0 0.198362 0.978893 0.0265378 0.042214 0.318338
0 0.263576 0.885847 0.0281231 0.129707 0.290982
0 0.604414 0.911404 0.0430826 0.150621 0.249216
0 0.774855 0.855297 0.0351206 0.106882 0.233662
0 0.946821 0.548586 0.0417657 0.134801 0.218656
0 0.0863968 0.894137 0.0357843 0.0757586 0.212184
0 0.634752 0.632739 0.0355823 0.0905991 0.207342
0 0.454316 0.97704 0.044245 0.045921 0.180983
0 0.615624 0.289934 0.0285604 0.0910592 0.174778
0 0.434869 0.0506702 0.025472 0.10134 0.16633
0 0.63605 0.623748 0.0293729 0.0781804 0.163979
0 0.165941 0.877248 0.0410429 0.0891709 0.147526
0 0.7767 0.839606 0.0257226 0.0750146 0.144968
30 0.11845 0.656131 0.0994791 0.443817 0.136037
0 0.156878 0.137747 0.0257279 0.104048 0.13367
0 0.822726 0.46011 0.0408795 0.0915595 0.126826
30 0.0440891 0.635369 0.0881782 0.473032 0.123599
0 0.568169 0.964529 0.0331839 0.0709427 0.12123
0 0.408253 0.0689176 0.0273744 0.128232 0.118387
0 0.898017 0.791579 0.0216199 0.08691 0.114198
0 0.26963 0.881957 0.0438594 0.144137 0.107966
0 0.571216 0.95554 0.045503 0.0889209 0.102361
0 0.222971 0.279538 0.0302845 0.0927526 0.102095
0 0.508204 0.699271 0.017907 0.0823097 0.10181
