0 0.5838 0.974347 0.0368523 0.0513065 0.528769
0 0.106839 0.228168 0.0414015 0.128048 0.469101
0 0.897233 0.779871 0.0231827 0.0936214 0.356724
0 0.339434 0.974288 0.0267964 0.0514246 0.356219
0 0.727979 0.943118 0.0336472 0.104154 0.329861
0 0.0118622 0.852794 0.0237244 0.112382 0.328813
0 0.901664 0.39083 0.0426324 0.117696 0.327986
0 0.536785 0.942139 0.0587814 0.115722 0.308479
0 0.0766592 0.963792 0.0343428 0.0724168 0.305967
0 0.829341 0.721987 0.0296536 0.109756 0.298637
0 0.312697 0.197873 0.0266879 0.102359 0.287332
0 0.0483864 0.970676 0.0247301 0.0586477 0.26125
0 0.93119 0.93069 0.0427405 0.102355 0.250288
0 0.256465 0.0467472 0.026579 0.0920843 0.21444
0 0.51717 0.79865 0.0340029 0.0977617 0.207633
0 0.721596 0.4653 0.0365297 0.110278 0.207292
0 0.537826 0.211603 0.0328133 0.0874462 0.202701
0 0.247471 0.829256 0.0446343 0.147933 0.199237
0 0.67518 0.603812 0.0489925 0.140996 0.195839
0 0.0482725 0.823596 0.0394827 0.0983178 0.187098
0 0.294682 0.94068 0.0237243 0.0869605 0.183752
0 0.898304 0.795275 0.0257595 0.126368 0.181471
0 0.816036 0.665848 0.0264046 0.155854 0.160542
0 0.257619 0.198914 0.0265406 0.0965021 0.159703
0 0.388088 0.951009 0.0475424 0.0979827 0.156663
0 0.386737 0.965588 0.0461076 0.0688238 0.151387
0 0.23806 0.167261 0.0205319 0.0894811 0.149924
0 0.338884 0.198719 0.0271654 0.10505 0.147413
0 0.624128 0.0313928 0.0282486 0.0627857 0.144657
0 0.895679 0.389367 0.0299855 0.116913 0.130899
0 0.826336 0.685294 0.0309074 0.177947 0.127611
0 0.656373 0.439612 0.0186863 0.0914615 0.127259
0 0.192786 0.955236 0.0389203 0.0879541 0.125659
0 0.568711 0.234346 0.021434 0.0900355 0.121231
0 0.385327 0.974957 0.0441817 0.0500853 0.121184
0 0.019494 0.251628 0.0389881 0.0959731 0.120299
0 0.396349 0.361712 0.0265095 0.0899334 0.106832
0 0.78016 0.415101 0.0237648 0.119493 0.106308
0 0.613588 0.886674 0.0329355 0.0894654 0.103491
0 0.78191 0.463163 0.0275308 0.21681 0.102223
0 0.913872 0.391173 0.0253834 0.109606 0.100916
