0 0.849449 0.818716 0.0297163 0.085244 0.591473
9 0.629567 0.509963 0.0272558 0.100726 0.547793
0 0.251641 0.0656005 0.0302421 0.0867676 0.515745
0 0.191039 0.839289 0.0471713 0.0962768 0.446928
0 0.787413 0.973672 0.0258677 0.0526566 0.431036
0 0.528682 0.62761 0.0217283 0.0882038 0.399979
0 0.688231 0.836946 0.0381599 0.0930949 0.369646
0 0.901038 0.97441 0.0343155 0.05118 0.354609
0 0.617247 0.969233 0.041454 0.0615332 0.352525
0 0.87905 0.926511 0.0337356 0.0850905 0.350004
0 0.976348 0.97372 0.044374 0.0525594 0.341697
0 0.660571 0.901498 0.0331474 0.0836563 0.318073
0 0.943719 0.745098 0.037545 0.143386 0.306106
0 0.100584 0.233635 0.0344753 0.155001 0.29105
0 0.0731128 0.41209 0.0325304 0.0869169 0.287547
0 0.761219 0.875017 0.0363287 0.142679 0.2852
0 0.757559 0.74811 0.0369817 0.138341 0.277585
0 0.250914 0.0812333 0.034423 0.0714055 0.273339
0 0.948999 0.123426 0.0304294 0.0887367 0.247337
9 0.739917 0.287864 0.032659 0.0935666 0.222041
0 0.0114813 0.283954 0.0228388 0.113202 0.217204
0 0.760296 0.896538 0.0345743 0.116091 0.205399
0 0.0599096 0.0332506 0.0553522 0.0665013 0.204702
0 0.113372 0.512224 0.0369239 0.107222 0.201612
0 0.149734 0.298549 0.0336994 0.137107 0.191508
0 0.101221 0.215686 0.0313572 0.119208 0.18833
0 0.990003 0.546609 0.0191494 0.14182 0.186448
0 0.096921 0.75056 0.034035 0.104837 0.179358
0 0.807135 0.399046 0.0345554 0.0973035 0.178786
0 0.906168 0.459679 0.0408657 0.166168 0.172226
0 0.0948996 0.74017 0.0237968 0.0848846 0.166081
0 0.907028 0.433378 0.038097 0.111698 0.16399
31 0.249425 0.107722 0.0359531 0.027359 0.160472
0 0.0185027 0.608305 0.0370053 0.135328 0.159108
0 0.145611 0.306241 0.0457359 0.155783 0.142127
0 0.663115 0.888667 0.0285722 0.0560815 0.139488
0 0.857924 0.560269 0.0363674 0.176297 0.138382
0 0.00804552 0.283478 0.016091 0.114405 0.136859
0 0.148761 0.264942 0.0262177 0.0705505 0.134625
0 0.98896 0.643816 0.0216712 0.340377 0.121799
0 0.0158803 0.729249 0.0317606 0.184314 0.121073
0 0.276933 0.574933 0.0236615 0.0855445 0.120863
0 0.856226 0.488044 0.0435009 0.120395 0.116932
0 0.277657 0.576884 0.0325191 0.0903654 0.114363
0 0.991344 0.530406 0.0165447 0.110399 0.111627
0 0.760348 0.416304 0.0260824 0.101296 0.105367
0 0.136711 0.328416 0.035038 0.115903 0.103292
0 0.859974 0.57615 0.0304213 0.146112 0.101821
0 0.713408 0.723858 0.0371798 0.121646 0.100621
