0 0.108119 0.782695 0.0436585 0.0989912 0.488672
0 0.30209 0.877775 0.0444286 0.097514 0.48124
0 0.694694 0.968349 0.0302002 0.0633024 0.439865
0 0.33256 0.0537225 0.0195267 0.0788258 0.406645
0 0.754872 0.804111 0.0279946 0.0821629 0.360422
0 0.303681 0.594247 0.021878 0.0962577 0.346152
0 0.555757 0.875886 0.03388 0.0783891 0.318135
0 0.890372 0.96965 0.0317951 0.0606995 0.288742
0 0.602856 0.846151 0.028521 0.081478 0.285714
0 0.822159 0.965544 0.0268032 0.0607439 0.267781
0 0.186051 0.753576 0.0256555 0.096381 0.261788
0 0.189503 0.760675 0.0338 0.110495 0.258593
0 0.555494 0.864977 0.0273632 0.0582096 0.254064
0 0.229924 0.729324 0.0253253 0.0717862 0.252084
0 0.18991 0.769134 0.0444269 0.126048 0.247464
0 0.302251 0.893165 0.0474903 0.0728173 0.232751
0 0.011126 0.92579 0.0222519 0.109462 0.228828
0 0.109556 0.75568 0.0452735 0.153425 0.226644
0 0.232216 0.308719 0.0297258 0.103756 0.225082
0 0.537069 0.959712 0.0620039 0.0795617 0.220832
0 0.881218 0.729675 0.0352615 0.136515 0.215658
0 0.0226291 0.831373 0.0452582 0.158724 0.208867
0 0.0788525 0.315663 0.0422999 0.131469 0.207334
3 0.533907 0.959631 0.057996 0.0784655 0.203605
0 0.882029 0.712602 0.0316856 0.104159 0.196793
0 0.11356 0.623226 0.0399929 0.122357 0.169776
0 0.228331 0.750872 0.0280619 0.109295 0.169435
0 0.526852 0.961075 0.0399027 0.0778508 0.155585
9 0.0881542 0.0350788 0.0304933 0.0701576 0.155254
0 0.790056 0.938734 0.0302941 0.0826536 0.154267
0 0.179269 0.202193 0.0233008 0.0820151 0.152899
0 0.686536 0.442068 0.0306822 0.115206 0.142903
0 0.677115 0.757215 0.0389923 0.14565 0.138841
0 0.0145075 0.851992 0.029015 0.16977 0.130974
0 0.0106907 0.893826 0.0213814 0.171766 0.126309
0 0.184694 0.74569 0.0211943 0.0824175 0.11651
36 0.30181 0.908316 0.0492248 0.0450121 0.115811
0 0.644732 0.719871 0.0289211 0.0939923 0.110414
30 0.160329 0.595089 0.0732574 0.451872 0.108675
0 0.928301 0.575422 0.0309398 0.109725 0.108007
0 0.987493 0.656096 0.0245567 0.348856 0.102593
0 0.223856 0.763848 0.0362659 0.131103 0.101111
