0 0.301646 0.883682 0.0476547 0.147893 0.521642
0 0.530075 0.954159 0.0666142 0.0916823 0.452391
0 0.818923 0.745262 0.0255228 0.0987718 0.445754
0 0.902572 0.795683 0.0286069 0.0942488 0.391506
0 0.631222 0.167626 0.0211627 0.10034 0.304219
0 0.624254 0.812666 0.0425146 0.139487 0.304184
0 0.750174 0.943144 0.0421026 0.112054 0.292627
0 0.0765052 0.890494 0.040625 0.117344 0.276804
0 0.898034 0.30841 0.0223858 0.0870085 0.253668
0 0.0486905 0.979582 0.0276373 0.0408358 0.247817
0 0.769645 0.625298 0.0375863 0.0994618 0.227732
0 0.319002 0.971108 0.0252236 0.0577836 0.190893
30 0.0396259 0.618791 0.0792518 0.41955 0.190274
0 0.21705 0.0472295 0.0216302 0.0944589 0.178367
0 0.55339 0.43619 0.0256574 0.111017 0.174082
0 0.0630979 0.210562 0.0280295 0.0971395 0.170231
0 0.455908 0.8597 0.0300684 0.084211 0.158999
0 0.0183369 0.872498 0.0366739 0.100647 0.14675
0 0.910026 0.795513 0.0416374 0.0974247 0.146273
30 0.342668 0.6144 0.0547888 0.432406 0.132467
0 0.757571 0.934007 0.028208 0.0957529 0.129857
0 0.509643 0.816862 0.0346186 0.0970113 0.126499
30 0.354142 0.630509 0.0736659 0.46075 0.123179
0 0.855814 0.645764 0.0284384 0.0871862 0.123106
0 0.728101 0.294728 0.0342472 0.0918592 0.120929
0 0.501473 0.197326 0.036409 0.0920027 0.119161
0 0.853016 0.553003 0.0259896 0.0830265 0.115728
0 0.351833 0.153856 0.024619 0.107566 0.110722
0 0.441163 0.32523 0.0245949 0.0907486 0.106316
0 0.522851 0.28479 0.0295683 0.0816407 0.106034
30 0.27335 0.387023 0.0312499 0.188468 0.103601
0 0.91839 0.448394 0.0245622 0.113691 0.101848
