0 0.631986 0.822136 0.0344904 0.110617 0.567486
0 0.794606 0.955787 0.040378 0.0884252 0.523509
0 0.676061 0.864971 0.027244 0.0966077 0.48129
30 0.315869 0.606465 0.0743401 0.520635 0.412199
0 0.682417 0.191619 0.0296068 0.136933 0.400273
0 0.085113 0.881312 0.0470417 0.129968 0.364367
0 0.453695 0.967699 0.0365278 0.0640119 0.362453
0 0.755769 0.103877 0.0192175 0.0913977 0.350525
0 0.841517 0.760919 0.0275332 0.136009 0.312167
0 0.721137 0.200943 0.0295271 0.0855267 0.3061
0 0.395531 0.180834 0.0355814 0.0880296 0.304124
0 0.804998 0.18861 0.0268263 0.0973942 0.299693
0 0.906135 0.225926 0.035605 0.089604 0.274391
30 0.45584 0.579908 0.0734518 0.500107 0.256827
0 0.54823 0.283668 0.0302267 0.112298 0.254687
0 0.128981 0.709026 0.0398532 0.143095 0.254423
0 0.468597 0.0854629 0.032745 0.108917 0.244108
0 0.155286 0.958013 0.040762 0.0804423 0.24267
0 0.760797 0.237527 0.0339106 0.0962483 0.235458
0 0.554613 0.853667 0.0264055 0.0789601 0.234875
0 0.866795 0.291221 0.0305819 0.0988656 0.230405
0 0.251356 0.313429 0.0269031 0.0995843 0.228568
0 0.93702 0.310958 0.0359769 0.0770882 0.212205
0 0.551444 0.858259 0.0364725 0.085675 0.19346
0 0.509404 0.621413 0.0261901 0.122009 0.185978
0 0.404962 0.327942 0.0226788 0.100383 0.184424
0 0.215372 0.213136 0.0303607 0.110982 0.182268
0 0.624142 0.227146 0.0277147 0.0925758 0.177918
0 0.721792 0.821706 0.0346654 0.107137 0.174933
30 0.272834 0.607942 0.058148 0.431161 0.16036
0 0.309841 0.130669 0.0252406 0.0973939 0.156047
30 0.387094 0.62793 0.0844742 0.440862 0.15259
0 0.0985367 0.18358 0.0258751 0.0935277 0.137371
0 0.57428 0.335648 0.0240108 0.0859286 0.135905
0 0.762605 0.226546 0.0279621 0.0780783 0.135183
0 0.461584 0.968321 0.0229006 0.0600477 0.133167
0 0.759751 0.832679 0.0316028 0.127189 0.126773
30 0.945292 0.61591 0.0539366 0.528165 0.122988
0 0.755106 0.106523 0.0276157 0.100108 0.119123
30 0.221001 0.648892 0.061072 0.279367 0.117254
30 0.268708 0.660386 0.0661025 0.416224 0.115025
30 0.677611 0.247409 0.0317873 0.04197 0.112455
0 0.133783 0.332779 0.0259223 0.0670436 0.111596
3 0.159812 0.0785182 0.0515093 0.0742513 0.110644
0 0.831038 0.0394978 0.0218739 0.0789957 0.107876
0 0.119881 0.816937 0.0432421 0.115716 0.10672
0 0.380275 0.312396 0.0209555 0.0801806 0.106495
0 0.906674 0.72332 0.0237763 0.0929277 0.103435
