0 0.411939 0.959365 0.0495802 0.0812689 0.574374
0 0.647612 0.891378 0.0289791 0.0906996 0.495127
0 0.206964 0.250239 0.0194104 0.0897022 0.338342
0 0.499431 0.979162 0.0237062 0.0416759 0.332861
0 0.344497 0.0752868 0.023724 0.100355 0.324351
0 0.738138 0.412425 0.0323513 0.110172 0.294725
0 0.986943 0.534784 0.0257228 0.225814 0.283891
0 0.149837 0.949827 0.0465853 0.100345 0.264446
0 0.0208359 0.636195 0.0416686 0.212486 0.261994
30 0.517852 0.599767 0.0615865 0.553608 0.261587
0 0.176526 0.111232 0.0288539 0.103027 0.260237
0 0.616581 0.963251 0.0459614 0.0734979 0.246495
0 0.847827 0.975593 0.0245791 0.048814 0.244829
0 0.256365 0.262841 0.0371911 0.131631 0.243057
0 0.630191 0.428175 0.0228969 0.118791 0.227692
0 0.569291 0.442406 0.0218565 0.087379 0.22377
0 0.746069 0.243268 0.0469383 0.14675 0.198262
0 0.524221 0.824892 0.0382647 0.097713 0.19674
30 0.139117 0.60768 0.108748 0.534939 0.195098
0 0.381942 0.0775395 0.022468 0.0928622 0.188446
0 0.44531 0.300251 0.020397 0.0790317 0.182739
0 0.740498 0.83969 0.0349893 0.106596 0.182111
0 0.912662 0.605033 0.057698 0.166072 0.182035
0 0.650202 0.745656 0.0279733 0.102629 0.178108
0 0.990634 0.529388 0.0180793 0.216511 0.171036
30 0.0577968 0.666966 0.10651 0.432632 0.166601
30 0.129323 0.722291 0.0783697 0.281395 0.149113
0 0.421899 0.171814 0.0383572 0.149656 0.148163
0 0.898685 0.794036 0.0242077 0.0870319 0.1459
0 0.185216 0.32801 0.0225824 0.0879615 0.143071
0 0.498402 0.309912 0.0433301 0.117852 0.139934
0 0.420663 0.198816 0.0354532 0.0925301 0.138681
0 0.255312 0.840787 0.0513947 0.243554 0.133378
0 0.170822 0.754098 0.033738 0.109734 0.130254
0 0.0718087 0.331101 0.0510246 0.167908 0.129737
0 0.405228 0.0616455 0.0190147 0.0988229 0.122069
0 0.0911186 0.170564 0.0252217 0.100016 0.116608
0 0.445388 0.0791647 0.027967 0.112265 0.115739
0 0.0208229 0.602577 0.041621 0.142285 0.115588
30 0.437753 0.734701 0.0545862 0.265289 0.113374
0 0.35469 0.234948 0.0310247 0.0836953 0.110089
0 0.64573 0.292882 0.0313098 0.0940436 0.106172
30 0.364566 0.626743 0.0605621 0.46107 0.104955
0 0.622517 0.953601 0.0363433 0.090847 0.104603
