0 0.152157 0.959746 0.0415283 0.0805089 0.547025
0 0.655735 0.958653 0.0440773 0.0826946 0.455479
0 0.738777 0.806569 0.0296564 0.143895 0.383376
0 0.512683 0.857946 0.0246473 0.101571 0.38154
0 0.186694 0.17313 0.0257796 0.099502 0.381149
0 0.194633 0.88726 0.0394855 0.140223 0.333835
0 0.815477 0.443272 0.0242496 0.115251 0.32472
0 0.868586 0.810494 0.0356834 0.130472 0.323844
0 0.894446 0.62484 0.0263271 0.096541 0.308876
0 0.428475 0.862088 0.0324548 0.0860746 0.287313
0 0.214907 0.442136 0.0368723 0.14523 0.26947
0 0.136023 0.270946 0.0396166 0.0992901 0.254397
0 0.953852 0.218704 0.0362553 0.124531 0.247955
0 0.460174 0.454149 0.0280668 0.119659 0.247833
0 0.899517 0.963728 0.0308399 0.0725435 0.242653
0 0.705874 0.948998 0.0424536 0.0982824 0.237638
0 0.244276 0.330868 0.0301289 0.139729 0.227526
0 0.590375 0.171943 0.0254137 0.0805106 0.224124
0 0.316096 0.316771 0.0184912 0.0929754 0.216777
0 0.335906 0.254772 0.0232215 0.114791 0.196117
0 0.474114 0.332601 0.0219119 0.087237 0.193088
0 0.0345744 0.605436 0.0300081 0.0888981 0.18736
0 0.367441 0.256477 0.0212692 0.103435 0.166296
0 0.444688 0.289972 0.0470722 0.0967046 0.157735
0 0.0860839 0.449234 0.0302013 0.0878193 0.135605
0 0.15214 0.0786863 0.0435801 0.102006 0.135329
30 0.655755 0.70763 0.0391712 0.3252 0.133927
0 0.693204 0.186045 0.0252359 0.100226 0.130399
0 0.306897 0.470021 0.0408972 0.13733 0.128147
0 0.659822 0.631973 0.0283712 0.164273 0.126023
0 0.521063 0.205069 0.029459 0.0778011 0.123449
0 0.487011 0.163196 0.0220239 0.0892286 0.121721
30 0.916791 0.529765 0.0812376 0.451941 0.114454
0 0.0213582 0.981025 0.0263242 0.0379507 0.108869
0 0.387223 0.236536 0.0210187 0.0963493 0.106704
