0 0.347856 0.88559 0.0309313 0.0908294 0.512123
0 0.0525292 0.868237 0.0644703 0.229713 0.438048
0 0.853637 0.96683 0.0427669 0.066339 0.430343
0 0.222425 0.763633 0.029497 0.114222 0.425898
0 0.511429 0.867412 0.0266313 0.0901202 0.405429
0 0.655194 0.963211 0.031958 0.0735789 0.394619
0 0.344318 0.594628 0.0239619 0.0939235 0.347057
0 0.561368 0.853059 0.0243277 0.0855136 0.325427
0 0.052741 0.847439 0.0618833 0.16535 0.312579
0 0.34797 0.869845 0.0272084 0.0600572 0.308137
0 0.975032 0.785886 0.0294369 0.103382 0.307422
0 0.343342 0.88999 0.0410638 0.0996522 0.29027
0 0.267736 0.767576 0.0232568 0.105394 0.28819
0 0.0132067 0.206751 0.0264134 0.102581 0.284715
0 0.265578 0.307977 0.0284685 0.105764 0.27967
0 0.364519 0.0495934 0.0228185 0.0928496 0.273616
0 0.211367 0.246659 0.0348992 0.177148 0.263986
0 0.721421 0.80737 0.0325304 0.0912755 0.261667
0 0.139227 0.783077 0.028144 0.100625 0.247489
0 0.613724 0.884596 0.0363358 0.104021 0.216798
0 0.756393 0.93447 0.0241129 0.0808905 0.200292
0 0.109897 0.312929 0.0392396 0.155847 0.19883
0 0.792219 0.96391 0.0260189 0.0706989 0.196286
0 0.618239 0.880338 0.0268122 0.0964831 0.185298
0 0.0449458 0.711143 0.0428679 0.126767 0.185038
0 0.489946 0.959424 0.0400806 0.0754192 0.17052
0 0.279329 0.274653 0.0267524 0.107578 0.163874
0 0.00793053 0.206906 0.0158611 0.097928 0.155319
0 0.682669 0.666858 0.0317833 0.0882629 0.147362
0 0.153897 0.699688 0.0328064 0.172321 0.147248
0 0.08888 0.215381 0.0330674 0.100744 0.145916
0 0.220262 0.750001 0.0230614 0.0877697 0.141173
0 0.855013 0.710445 0.0275028 0.107335 0.140235
0 0.268407 0.297327 0.0307223 0.123554 0.130282
0 0.89699 0.568322 0.0372618 0.108144 0.125593
31 0.0474078 0.927834 0.0436102 0.100373 0.125442
0 0.0469492 0.928288 0.0463226 0.105865 0.12466
0 0.0858904 0.131475 0.0232531 0.0810704 0.123774
0 0.327147 0.291356 0.0230567 0.0884887 0.123115
0 0.432952 0.584933 0.0337677 0.088626 0.118574
0 0.105822 0.635261 0.0226732 0.0709143 0.115775
0 0.83415 0.170363 0.0276411 0.090078 0.110765
0 0.562648 0.860387 0.0194516 0.0814784 0.110094
0 0.278838 0.281597 0.0346252 0.12285 0.106703
0 0.240071 0.54351 0.0308201 0.0893736 0.100871
