0 0.73369 0.93623 0.0422916 0.0957845 0.541938
0 0.643787 0.251617 0.0262949 0.0963802 0.524486
0 0.576671 0.805834 0.0225197 0.102928 0.511489
0 0.29987 0.948123 0.0445528 0.100333 0.42659
0 0.148597 0.958345 0.0374571 0.0833104 0.412952
0 0.972592 0.179088 0.0264769 0.10579 0.403846
0 0.828031 0.130123 0.0292069 0.0943587 0.4017
0 0.948518 0.122532 0.0212812 0.0965135 0.393578
0 0.668617 0.602129 0.0243622 0.117548 0.389477
0 0.488126 0.060023 0.0176151 0.102029 0.386833
0 0.621929 0.583242 0.0227909 0.0951528 0.365642
0 0.503992 0.224802 0.0210111 0.0983698 0.34963
30 0.316495 0.496964 0.0510219 0.342429 0.341005
0 0.979922 0.822905 0.0398608 0.276678 0.337003
0 0.809495 0.686601 0.025172 0.103879 0.321808
0 0.760311 0.672416 0.0260542 0.101943 0.319929
0 0.791555 0.237163 0.0260339 0.0913811 0.296221
0 0.642963 0.0512341 0.0195902 0.100531 0.290131
0 0.37835 0.255888 0.0373943 0.108703 0.289935
0 0.706644 0.26492 0.0303881 0.135361 0.28946
0 0.619601 0.104137 0.0270081 0.0988102 0.277755
0 0.231776 0.0524117 0.0210083 0.0895806 0.272146
0 0.378964 0.274769 0.039048 0.122639 0.269917
0 0.774271 0.211308 0.0248022 0.106604 0.265025
0 0.780968 0.220468 0.0423503 0.119631 0.256817
0 0.746097 0.577674 0.02358 0.104034 0.247401
0 0.608926 0.778392 0.0200956 0.0768023 0.244134
0 0.167042 0.788063 0.0390693 0.17486 0.241539
0 0.63678 0.0504074 0.0305621 0.100815 0.231419
0 0.266078 0.86805 0.0523729 0.118052 0.2237
0 0.492667 0.839456 0.0240451 0.0905929 0.223557
0 0.187202 0.869989 0.0360472 0.0937008 0.220203
3 0.295375 0.0852415 0.0503362 0.116966 0.209801
30 0.459982 0.519898 0.0477555 0.375373 0.198279
0 0.704496 0.280661 0.027229 0.102771 0.198005
0 0.274735 0.863679 0.0333166 0.113561 0.189186
0 0.285345 0.389151 0.0240207 0.111918 0.17973
0 0.78384 0.23507 0.0416269 0.096363 0.178808
0 0.56352 0.423858 0.0220232 0.100339 0.177122
0 0.941654 0.820015 0.0512508 0.273102 0.166881
0 0.935735 0.802003 0.0465141 0.229252 0.165515
0 0.251401 0.88272 0.0249709 0.0855578 0.165088
0 0.979403 0.762078 0.0405966 0.143902 0.164973
0 0.582619 0.580869 0.0256992 0.0894452 0.149516
30 0.363386 0.576654 0.0369086 0.268294 0.141103
30 0.208446 0.460483 0.0478391 0.244843 0.139709
0 0.303517 0.0430994 0.0410213 0.0853232 0.135865
0 0.29699 0.0755368 0.0518862 0.134301 0.13309
30 0.317596 0.567697 0.0523534 0.267743 0.12825
0 0.724749 0.382704 0.025926 0.0961569 0.124528
0 0.631406 0.0555816 0.0317886 0.105998 0.121757
0 0.0654707 0.71109 0.033908 0.0825669 0.121633
0 0.913519 0.24515 0.024074 0.0933348 0.120643
30 0.384157 0.56654 0.067684 0.300934 0.118091
0 0.186761 0.874955 0.0476243 0.101085 0.117669
0 0.890131 0.216964 0.0633556 0.186913 0.117285
30 0.470993 0.521332 0.0706482 0.377295 0.114378
0 0.891107 0.24525 0.0668308 0.123894 0.111571
30 0.366291 0.587673 0.0304771 0.224928 0.11074
30 0.286882 0.580392 0.0373207 0.234695 0.108373
0 0.029029 0.693754 0.0291842 0.0978789 0.108084
0 0.129808 0.0329018 0.0361533 0.0658036 0.105514
