0 0.679121 0.229825 0.0188259 0.0980283 0.593386
0 0.938567 0.950918 0.0414911 0.0981643 0.592664
0 0.868108 0.21283 0.0324161 0.142354 0.589268
0 0.768308 0.940979 0.0412844 0.0926786 0.586857
0 0.668104 0.0475183 0.0350818 0.0950366 0.573606
0 0.852312 0.121197 0.0336029 0.0996651 0.542081
0 0.585246 0.119031 0.0211487 0.0958597 0.541182
0 0.41239 0.253896 0.027541 0.115891 0.488646
0 0.508689 0.1854 0.0222139 0.101693 0.464268
0 0.521989 0.04776 0.0200825 0.0942778 0.455208
0 0.312461 0.557123 0.0382034 0.182324 0.364172
0 0.704227 0.591499 0.0372375 0.11915 0.35753
0 0.917908 0.159168 0.0319269 0.0849497 0.356429
0 0.983837 0.154888 0.031789 0.156885 0.340523
0 0.810027 0.178997 0.0219131 0.0719099 0.329972
0 0.145269 0.957072 0.0442888 0.0857439 0.327584
0 0.736228 0.244981 0.0326174 0.0959204 0.326928
0 0.6991 0.591985 0.0258398 0.117585 0.326325
0 0.602824 0.585623 0.0378922 0.12519 0.312444
0 0.198954 0.475803 0.0367516 0.130586 0.303511
0 0.812047 0.19779 0.0285271 0.10791 0.302214
0 0.308612 0.84659 0.0251125 0.0854122 0.288121
0 0.735115 0.280682 0.0316515 0.102098 0.27688
0 0.0651442 0.733358 0.0718311 0.231861 0.264346
0 0.522628 0.840156 0.0299844 0.0901141 0.260179
0 0.544514 0.800062 0.0234488 0.0983142 0.2444
0 0.961635 0.756105 0.0457337 0.124264 0.234897
0 0.925849 0.493896 0.0322429 0.134136 0.229916
0 0.742487 0.220379 0.019899 0.0561526 0.224552
0 0.246605 0.028378 0.0216585 0.056756 0.216363
0 0.304763 0.849982 0.0335956 0.0908629 0.213562
0 0.276317 0.299673 0.0238782 0.100677 0.208627
0 0.926112 0.472721 0.0312226 0.0929014 0.208504
0 0.844527 0.569404 0.0268711 0.142223 0.208068
0 0.317316 0.0792805 0.042355 0.118666 0.207351
0 0.508495 0.321974 0.0262167 0.113109 0.199428
0 0.972413 0.0405584 0.0254811 0.0737245 0.199387
0 0.524889 0.580615 0.0303924 0.0948102 0.197342
3 0.268128 0.956133 0.0521457 0.0877343 0.190254
0 0.933211 0.232819 0.0331359 0.0985607 0.177129
30 0.16148 0.457249 0.0567835 0.23931 0.173762
0 0.279843 0.888321 0.033863 0.0994107 0.169538
0 0.275158 0.319292 0.023533 0.132485 0.16755
0 0.921332 0.166693 0.0442056 0.0980596 0.164999
0 0.135724 0.745177 0.0358328 0.114563 0.156104
0 0.816189 0.234526 0.0341482 0.0971604 0.152986
0 0.940371 0.594114 0.0351613 0.166888 0.15226
0 0.925467 0.539892 0.0375732 0.246672 0.151075
0 0.346619 0.52481 0.023119 0.123318 0.144064
0 0.269576 0.95629 0.0460615 0.0838321 0.128965
0 0.493114 0.516648 0.0235951 0.0941615 0.125387
0 0.376147 0.506097 0.027717 0.0965336 0.125057
0 0.539099 0.43145 0.0286723 0.118422 0.123007
0 0.393 0.629728 0.0244519 0.128157 0.121944
0 0.0187841 0.275525 0.0349746 0.0781336 0.120825
9 0.100518 0.0367467 0.0270793 0.0734934 0.120721
0 0.574819 0.775118 0.0316679 0.0654334 0.120122
0 0.281963 0.873276 0.0309841 0.0711195 0.119892
0 0.376498 0.494898 0.0251833 0.0755718 0.119038
0 0.941981 0.559355 0.0366772 0.109272 0.116839
0 0.508177 0.305017 0.025182 0.078153 0.11592
0 0.937789 0.617233 0.0364902 0.141223 0.115257
0 0.376386 0.523395 0.0297992 0.132796 0.110528
0 0.479845 0.551584 0.0325673 0.0925833 0.108616
0 0.540883 0.817286 0.0307215 0.134087 0.106525
0 0.814421 0.225511 0.0347088 0.0721875 0.102964
