0 0.966806 0.558395 0.0292482 0.0961256 0.477693
0 0.767829 0.958989 0.0412353 0.0811204 0.425533
0 0.579489 0.868138 0.0240813 0.0863293 0.424107
0 0.773249 0.956539 0.0309734 0.0793222 0.41354
0 0.46826 0.826758 0.0288689 0.118405 0.403657
0 0.928282 0.539305 0.0222283 0.0967604 0.337962
0 0.246125 0.936882 0.0339697 0.116686 0.324014
0 0.826062 0.630551 0.037532 0.0883792 0.297189
0 0.800497 0.864183 0.0260939 0.103871 0.254068
0 0.166742 0.815375 0.0316822 0.0849598 0.24019
0 0.702147 0.52713 0.0386985 0.0890043 0.228517
0 0.905792 0.982801 0.0183811 0.0343978 0.216537
0 0.596447 0.289494 0.0333323 0.0921895 0.210507
0 0.654834 0.792524 0.0314057 0.0962932 0.206888
0 0.207023 0.257207 0.0366219 0.123972 0.205828
0 0.655961 0.785351 0.0255173 0.0821753 0.199574
0 0.544203 0.947213 0.0479002 0.105574 0.187931
0 0.2217 0.978565 0.0252126 0.04287 0.187839
0 0.687024 0.251272 0.0299664 0.126768 0.176412
0 0.370088 0.198289 0.0371811 0.0903496 0.149382
0 0.144983 0.932612 0.0379854 0.0833609 0.13921
0 0.533463 0.634127 0.0237953 0.0928044 0.137485
0 0.432967 0.973298 0.022913 0.0534035 0.135191
0 0.611022 0.636713 0.0321159 0.0963822 0.132252
0 0.356267 0.0375375 0.0194427 0.075075 0.127908
0 0.0966055 0.247701 0.035304 0.101366 0.123805
0 0.705258 0.759325 0.0282181 0.085588 0.1215
0 0.897977 0.792141 0.0214908 0.0866862 0.117977
0 0.354005 0.981123 0.0389957 0.0377546 0.114091
0 0.0726281 0.796609 0.0276636 0.117023 0.108679
0 0.271126 0.0669128 0.0219679 0.0987334 0.107083
0 0.369339 0.170009 0.0319977 0.13897 0.106426
0 0.785387 0.407738 0.0341047 0.114911 0.106303
0 0.54279 0.963106 0.0443573 0.0737874 0.104231
0 0.683695 0.666993 0.0291467 0.117672 0.103109
0 0.812084 0.49559 0.0247513 0.0960756 0.1028
0 0.618963 0.444 0.0251093 0.106099 0.101598
