0 0.370227 0.0518834 0.0235493 0.103767 0.485864
0 0.472087 0.0397384 0.0224219 0.0794768 0.357131
0 0.382788 0.960571 0.0592479 0.0788579 0.324033
0 0.550638 0.960142 0.0416417 0.0797168 0.322864
0 0.721852 0.210337 0.0266028 0.0919982 0.310537
0 0.986901 0.728625 0.0255546 0.240458 0.310492
0 0.185362 0.919575 0.0314282 0.0961026 0.297732
0 0.690342 0.958999 0.0348927 0.0816604 0.296949
0 0.191946 0.206187 0.0269484 0.104164 0.29532
0 0.599409 0.840107 0.0417935 0.148774 0.290836
0 0.162636 0.795068 0.0333669 0.107357 0.268926
0 0.910283 0.780994 0.0383249 0.120781 0.242659
0 0.0917839 0.906957 0.0304998 0.0598234 0.239043
0 0.105546 0.216266 0.0291949 0.100402 0.23327
0 0.206432 0.879083 0.0344015 0.0848021 0.206728
0 0.0916451 0.917396 0.0322153 0.0778706 0.203241
0 0.087403 0.978579 0.0270387 0.0428416 0.192107
0 0.0879814 0.951409 0.0314099 0.0971825 0.173518
0 0.872929 0.491684 0.0297482 0.0941453 0.173072
0 0.00770837 0.634501 0.0154167 0.122088 0.1726
0 0.204995 0.292184 0.0277639 0.0870474 0.169525
0 0.372899 0.960151 0.0386883 0.0789419 0.169398
0 0.633699 0.897403 0.0259672 0.0554109 0.167906
0 0.193069 0.903654 0.0440656 0.130334 0.165943
0 0.640626 0.402831 0.0225126 0.089302 0.163629
0 0.913414 0.766604 0.0340943 0.0921179 0.160312
0 0.203697 0.885392 0.0428929 0.100678 0.153687
0 0.403833 0.803825 0.0182007 0.0821335 0.151065
0 0.100036 0.604892 0.0360446 0.149014 0.151051
0 0.188674 0.50729 0.0225058 0.0941993 0.143571
0 0.0515208 0.792443 0.0493919 0.0981579 0.141411
0 0.26336 0.778607 0.0268389 0.0832424 0.133113
0 0.13478 0.31503 0.0217074 0.0767655 0.125988
0 0.664737 0.495073 0.0280796 0.0935682 0.125195
0 0.0913301 0.931937 0.0339562 0.109269 0.120133
0 0.775197 0.921414 0.0389814 0.129533 0.119006
0 0.0826185 0.750499 0.0451577 0.169274 0.115974
0 0.379304 0.8465 0.0251486 0.0734086 0.115031
0 0.445996 0.866348 0.0286013 0.0838896 0.113145
0 0.599659 0.814652 0.0403202 0.108648 0.113026
0 0.933091 0.0828368 0.0256516 0.0932573 0.107765
