0 0.609283 0.821672 0.0287128 0.121061 0.307936
0 0.901995 0.797644 0.026313 0.0923099 0.297515
0 0.0734634 0.921216 0.042754 0.121437 0.289703
0 0.294321 0.854616 0.0403977 0.103331 0.284818
0 0.501091 0.437113 0.0228088 0.0888903 0.284795
0 0.677346 0.777339 0.0362333 0.106217 0.271369
0 0.833378 0.648734 0.0292889 0.0949818 0.253433
0 0.868938 0.563731 0.0258496 0.0909377 0.23942
0 0.728189 0.942496 0.0676962 0.115008 0.225947
0 0.348177 0.143925 0.0246994 0.109741 0.189085
0 0.255752 0.717804 0.0160032 0.0841726 0.183918
0 0.140973 0.932496 0.0335259 0.0754085 0.180083
0 0.868805 0.546551 0.0250469 0.0588191 0.166709
0 0.508102 0.291002 0.0261556 0.0926482 0.163868
0 0.334551 0.970833 0.0268681 0.0583345 0.160091
0 0.983784 0.650361 0.0305241 0.09722 0.160051
0 0.142469 0.946134 0.0365343 0.103519 0.15789
0 0.21084 0.749488 0.0297849 0.076035 0.153648
0 0.983731 0.740186 0.032158 0.280949 0.149877
0 0.472867 0.317044 0.0204346 0.097653 0.142785
0 0.803522 0.751366 0.0211897 0.0993112 0.132597
0 0.592386 0.98517 0.016955 0.0296608 0.124149
0 0.499351 0.953444 0.0379621 0.0873637 0.117946
0 0.626582 0.202509 0.0251567 0.112457 0.115468
0 0.740025 0.934195 0.0378431 0.107099 0.113889
30 0.0711174 0.980553 0.0331832 0.0388947 0.113252
0 0.42519 0.13824 0.0265755 0.109108 0.112244
0 0.754448 0.623347 0.0214937 0.0942266 0.104285
