0 0.595039 0.971931 0.0357964 0.0561378 0.401074
0 0.939721 0.938085 0.0481156 0.119704 0.369571
0 0.171889 0.817871 0.0292522 0.149092 0.365173
0 0.0143827 0.868909 0.0287349 0.112647 0.356898
0 0.249103 0.0470922 0.0408729 0.0941844 0.343572
0 0.0380594 0.969615 0.0260061 0.0607694 0.315152
0 0.897095 0.776719 0.0223755 0.0908279 0.304379
0 0.0995695 0.216249 0.0500899 0.121428 0.278584
0 0.707829 0.943304 0.040284 0.103783 0.237882
0 0.787805 0.421707 0.030891 0.104625 0.226961
0 0.229423 0.805205 0.0366895 0.0894164 0.226166
0 0.204278 0.956111 0.0401853 0.0877776 0.217716
0 0.0703783 0.97556 0.0292376 0.0488792 0.203402
3 0.0995215 0.216317 0.0498913 0.121841 0.185251
0 0.668785 0.445743 0.0344976 0.0951166 0.184603
0 0.91153 0.387145 0.0421593 0.128879 0.184105
0 0.224795 0.172181 0.0249045 0.0913016 0.183779
0 0.252692 0.208083 0.0352398 0.103709 0.1781
0 0.504387 0.793427 0.0208874 0.0954465 0.177125
0 0.0343282 0.817805 0.0396642 0.0879626 0.174173
0 0.26826 0.859604 0.0335742 0.0888422 0.172428
0 0.838414 0.708406 0.0349663 0.123907 0.171887
0 0.0903422 0.149299 0.0268733 0.0910744 0.171831
0 0.715722 0.93397 0.0246185 0.0836275 0.168086
3 0.161387 0.205781 0.0617656 0.109543 0.16143
0 0.735493 0.452289 0.0221405 0.0946708 0.160633
0 0.669344 0.465803 0.0357135 0.138362 0.157772
0 0.536644 0.932545 0.0311495 0.0918004 0.155262
0 0.324708 0.190121 0.0329705 0.0964492 0.120987
0 0.35367 0.976065 0.0281508 0.0478709 0.115834
0 0.55621 0.983766 0.025843 0.032469 0.109317
0 0.538458 0.922658 0.0275583 0.0755627 0.101875
