0 0.553068 0.959342 0.0416002 0.0812652 0.479226
9 0.26201 0.0261453 0.0244492 0.0522906 0.362369
0 0.386131 0.960618 0.0525121 0.0787632 0.348922
0 0.154477 0.782067 0.0351645 0.139313 0.334208
0 0.372659 0.0450493 0.023161 0.0900986 0.328817
0 0.0891591 0.939422 0.0379473 0.118417 0.328548
0 0.915885 0.766995 0.0333614 0.0956783 0.305355
0 0.726086 0.208619 0.0261816 0.0922593 0.27324
0 0.987561 0.72959 0.0242878 0.246643 0.261181
0 0.185541 0.506171 0.0238033 0.0953589 0.226229
0 0.0459191 0.789632 0.0478365 0.108204 0.219039
0 0.450111 0.864648 0.0255263 0.0901435 0.205548
0 0.468005 0.0399801 0.0204188 0.0799602 0.188875
0 0.877149 0.49774 0.0361244 0.10174 0.187197
0 0.315923 0.252474 0.0406719 0.165288 0.180672
0 0.88003 0.496433 0.026655 0.0948787 0.173495
0 0.500759 0.910821 0.0434736 0.0983375 0.162082
0 0.381542 0.846441 0.0176937 0.079467 0.141173
0 0.0965885 0.607737 0.0336106 0.159319 0.134865
0 0.192801 0.903587 0.0676067 0.129556 0.123117
0 0.37811 0.958539 0.0445946 0.0829227 0.121795
0 0.0138714 0.98199 0.0277241 0.0360209 0.120318
0 0.334167 0.748932 0.027249 0.088137 0.117093
0 0.00652472 0.63741 0.0129998 0.14016 0.115021
0 0.639738 0.900212 0.0258 0.0601824 0.112988
0 0.390906 0.273415 0.0252119 0.133564 0.107276
0 0.771587 0.70696 0.0291956 0.119533 0.105767
0 0.669326 0.504951 0.0267815 0.116365 0.10133
0 0.345473 0.351808 0.0195108 0.078997 0.101169
0 0.764829 0.976657 0.0297549 0.0466857 0.100237
