0 0.616341 0.883458 0.0261982 0.0897585 0.564869
0 0.949648 0.557483 0.0474712 0.114233 0.493833
0 0.471916 0.973489 0.027907 0.0530223 0.451729
0 0.767314 0.849006 0.0249553 0.105402 0.414935
0 0.717146 0.241612 0.0348136 0.150307 0.406847
0 0.811198 0.967863 0.0261991 0.0642746 0.366051
0 0.385443 0.967564 0.0368406 0.0648717 0.345627
0 0.860953 0.637634 0.0389546 0.0929421 0.299374
0 0.716508 0.651242 0.027943 0.085553 0.273594
0 0.650085 0.432884 0.029414 0.123628 0.252848
0 0.69062 0.791702 0.0329548 0.105966 0.247994
0 0.824216 0.458383 0.039007 0.108468 0.243496
0 0.83257 0.458122 0.0210312 0.107176 0.230074
0 0.898336 0.79258 0.0238534 0.0876474 0.22788
0 0.188668 0.979149 0.0230464 0.0417023 0.220469
0 0.645617 0.634012 0.025574 0.0832649 0.215421
0 0.676525 0.529513 0.0303634 0.0838982 0.212715
0 0.766315 0.408963 0.0332833 0.113239 0.187257
0 0.689989 0.776641 0.0264508 0.0774428 0.183107
0 0.226789 0.280973 0.0275532 0.0941909 0.17954
0 0.177456 0.256345 0.0200629 0.0939018 0.172731
0 0.350704 0.0515734 0.0217833 0.102739 0.16822
0 0.43142 0.987483 0.0135149 0.0250332 0.156429
0 0.125978 0.242717 0.0305906 0.100233 0.146904
0 0.162522 0.135446 0.0262607 0.106957 0.14243
0 0.64311 0.636701 0.0358532 0.0858818 0.140312
0 0.37954 0.520828 0.0229041 0.102694 0.137475
0 0.769343 0.405645 0.0249678 0.103379 0.13464
0 0.712932 0.661933 0.0243954 0.1036 0.121324
0 0.384461 0.0514193 0.0215657 0.102839 0.119348
0 0.198517 0.822499 0.0347645 0.0926915 0.117141
0 0.622566 0.289066 0.0315067 0.0860302 0.114465
0 0.277511 0.892376 0.0493786 0.136459 0.114385
0 0.265491 0.886796 0.024785 0.115316 0.107822
0 0.397362 0.861424 0.0274354 0.0556565 0.10622
0 0.550224 0.977816 0.0279316 0.0443685 0.105193
0 0.202343 0.829606 0.0321726 0.0823363 0.1039
0 0.673734 0.126915 0.0205914 0.0964128 0.103829
0 0.145832 0.934902 0.0459102 0.101478 0.100048
