0 0.681833 0.961585 0.042596 0.0768293 0.543834
0 0.454357 0.859526 0.0417257 0.0939447 0.422674
30 0.5272 0.619983 0.0562376 0.569204 0.36935
0 0.920244 0.626996 0.0235726 0.0987012 0.356252
0 0.736748 0.955119 0.0489162 0.0891056 0.342894
0 0.847291 0.812097 0.0321289 0.130397 0.341515
0 0.155429 0.963211 0.0461169 0.0735787 0.336456
0 0.638746 0.230339 0.0226439 0.0927165 0.328883
0 0.929018 0.968095 0.0362697 0.0638109 0.318448
0 0.365495 0.269437 0.0224002 0.0999698 0.276363
0 0.207804 0.820408 0.0321253 0.107499 0.2729
0 0.3842 0.1042 0.0303707 0.1132 0.220983
0 0.0180339 0.925985 0.0359048 0.14803 0.215754
0 0.336334 0.290237 0.0282085 0.152731 0.209505
0 0.979127 0.206247 0.0356525 0.14086 0.199145
30 0.317242 0.543018 0.0536766 0.422524 0.196101
0 0.606564 0.172777 0.0255413 0.0901093 0.192755
30 0.411111 0.625272 0.067088 0.487601 0.192681
0 0.738184 0.27556 0.0256449 0.104294 0.182048
0 0.413484 0.250343 0.027277 0.104459 0.176116
30 0.333716 0.541927 0.0771206 0.42359 0.173888
30 0.233023 0.530366 0.0816279 0.388359 0.173648
0 0.201086 0.819771 0.044369 0.110201 0.171813
0 0.0267015 0.86248 0.0486839 0.148676 0.166437
30 0.537326 0.612537 0.05667 0.589456 0.165436
0 0.173971 0.87627 0.0430309 0.132916 0.162555
0 0.12643 0.0782314 0.0352054 0.104345 0.151426
30 0.473795 0.608639 0.0577432 0.553188 0.15042
0 0.0189717 0.866077 0.0370008 0.14906 0.148399
0 0.188289 0.332657 0.0273936 0.110748 0.147462
0 0.690794 0.276417 0.0237241 0.0671604 0.14614
0 0.798283 0.440292 0.0234436 0.107464 0.141681
30 0.229808 0.585428 0.0876464 0.535591 0.14004
0 0.849252 0.312024 0.033181 0.093364 0.13548
30 0.472234 0.582709 0.0759354 0.480249 0.134448
0 0.812105 0.697988 0.0303131 0.126862 0.132051
0 0.494454 0.324217 0.0199072 0.0686856 0.125032
0 0.125776 0.734699 0.0246819 0.116581 0.124826
0 0.3841 0.251622 0.0190187 0.0951902 0.124228
0 0.760789 0.31904 0.0227253 0.10102 0.122613
30 0.284007 0.544847 0.0586086 0.426749 0.121905
0 0.441105 0.453679 0.025374 0.123304 0.120688
0 0.809046 0.587622 0.0290617 0.0794998 0.120284
0 0.107689 0.779116 0.0368778 0.126477 0.119966
30 0.548816 0.615667 0.0558059 0.57142 0.116525
30 0.24458 0.571259 0.0916702 0.478648 0.115547
0 0.925174 0.626878 0.0329391 0.100421 0.110949
0 0.16517 0.308264 0.0253038 0.091049 0.11094
0 0.354743 0.558175 0.0342062 0.094973 0.106785
0 0.20883 0.160952 0.0306538 0.106734 0.104816
0 0.115366 0.272455 0.0276335 0.085964 0.104298
0 0.188866 0.317366 0.0248891 0.0768377 0.101065
0 0.352696 0.0303569 0.0285831 0.0607138 0.100077
