0 0.812155 0.174021 0.0340498 0.0887699 0.448486
0 0.637834 0.959706 0.0294642 0.080588 0.344983
0 0.950345 0.523219 0.02785 0.106637 0.343548
0 0.384079 0.0460313 0.0216336 0.0804537 0.341075
0 0.846535 0.969855 0.0284048 0.0602896 0.311881
0 0.0675639 0.92686 0.033947 0.0984901 0.299117
0 0.595646 0.88342 0.025 0.0952777 0.292371
0 0.231021 0.245802 0.0345463 0.158079 0.287602
0 0.961392 0.784966 0.0276501 0.110517 0.244125
0 0.377414 0.89366 0.0429281 0.0975131 0.240793
0 0.699854 0.806485 0.0234628 0.0943917 0.236551
0 0.77144 0.960151 0.0351616 0.0786723 0.236268
30 0.203906 0.560227 0.0899125 0.542669 0.230269
30 0.310434 0.553818 0.0947924 0.533356 0.228385
0 0.079054 0.83607 0.0668623 0.151973 0.224543
0 0.468333 0.95803 0.0408095 0.0786849 0.199043
0 0.84189 0.705766 0.0270653 0.114155 0.196336
0 0.00880592 0.319103 0.0176118 0.116677 0.193118
0 0.489866 0.863805 0.0264568 0.0750718 0.172837
0 0.546229 0.861727 0.0304534 0.0888268 0.172169
0 0.0464906 0.336105 0.0276841 0.0890116 0.156233
0 0.021079 0.208254 0.0313811 0.102392 0.153905
0 0.297293 0.268339 0.0231948 0.094097 0.151664
0 0.495895 0.86308 0.0381993 0.0726794 0.150108
0 0.375725 0.883471 0.030936 0.074882 0.149739
0 0.587116 0.981884 0.0209003 0.0362319 0.14134
30 0.228788 0.570241 0.0957723 0.528841 0.14057
0 0.787646 0.47199 0.0362607 0.204001 0.138457
0 0.0696366 0.83902 0.0476148 0.146133 0.1305
30 0.293428 0.552611 0.074513 0.517417 0.129896
0 0.288255 0.298223 0.0253595 0.105046 0.128041
0 0.294822 0.274095 0.0294501 0.10941 0.127761
30 0.331192 0.558081 0.0707873 0.546028 0.127144
0 0.0669956 0.705317 0.0508634 0.119028 0.123279
30 0.0726237 0.969621 0.0428855 0.0234457 0.122489
0 0.00651266 0.314388 0.0130253 0.107003 0.122205
0 0.0135456 0.654474 0.0270913 0.128465 0.120692
0 0.232037 0.284455 0.0342522 0.0874893 0.120423
0 0.241516 0.750026 0.0265104 0.0944898 0.119302
30 0.396631 0.970659 0.0314413 0.0586821 0.118023
0 0.291304 0.286843 0.033939 0.136892 0.115978
0 0.460381 0.957036 0.0241188 0.0769512 0.108817
30 0.153892 0.456197 0.0753463 0.324521 0.107163
0 0.887781 0.551885 0.0288913 0.138671 0.105162
0 0.16468 0.69641 0.0550472 0.264953 0.104175
30 0.0736596 0.963133 0.0416462 0.0450065 0.103286
0 0.0945093 0.865877 0.0370455 0.0855474 0.10201
30 0.265842 0.569022 0.0676914 0.502965 0.101077
0 0.0850077 0.125398 0.0251719 0.0653841 0.100851
