0 0.674237 0.215001 0.0316962 0.0894229 0.490832
0 0.708535 0.973449 0.0332374 0.0531027 0.457705
0 0.322988 0.958824 0.0388343 0.0823516 0.440633
0 0.612229 0.77521 0.0277137 0.12549 0.439661
0 0.765635 0.83198 0.029143 0.080411 0.373845
0 0.492266 0.962681 0.0333186 0.0746385 0.336697
0 0.788401 0.830823 0.0293781 0.10032 0.323142
0 0.898361 0.77131 0.0276165 0.0913233 0.268317
0 0.097039 0.796297 0.0347394 0.0967979 0.240909
0 0.948555 0.679752 0.0343712 0.11703 0.2404
0 0.360777 0.102777 0.0248286 0.104285 0.235807
0 0.23292 0.1975 0.0259016 0.0954425 0.234044
0 0.147039 0.912853 0.0294233 0.0762196 0.229338
0 0.789177 0.819166 0.0261103 0.0762373 0.226039
0 0.136379 0.0451215 0.0345037 0.0884052 0.20869
9 0.315215 0.0220367 0.0298684 0.0425103 0.203079
0 0.244459 0.924076 0.0454447 0.0989631 0.192224
0 0.646919 0.953734 0.0292992 0.0851415 0.174423
0 0.643303 0.97271 0.0347452 0.0545797 0.164265
0 0.0752651 0.975931 0.0454934 0.0481379 0.16056
0 0.512269 0.0306649 0.0237494 0.0613297 0.158833
0 0.549766 0.936708 0.0429148 0.126583 0.153388
0 0.0553835 0.826279 0.0471418 0.105271 0.149828
0 0.650903 0.94223 0.0216017 0.0621531 0.145271
0 0.672759 0.406901 0.0258152 0.10687 0.127186
30 0.247565 0.952161 0.0449972 0.0461682 0.120752
0 0.119389 0.374396 0.0535443 0.146175 0.120364
0 0.312466 0.822251 0.0416047 0.123775 0.118486
0 0.154408 0.216761 0.0396733 0.105244 0.115485
0 0.886196 0.407571 0.0355941 0.118456 0.110702
0 0.207608 0.779285 0.0358583 0.123284 0.109764
0 0.0134725 0.790631 0.0269443 0.154338 0.106236
0 0.237591 0.921514 0.0319684 0.0961726 0.106172
