0 0.185658 0.835156 0.0400151 0.100504 0.528442
0 0.106711 0.506647 0.0305004 0.103283 0.522395
9 0.74373 0.283743 0.0257258 0.0884365 0.508599
0 0.247437 0.0688677 0.0334053 0.0909067 0.505777
0 0.95097 0.122256 0.0353189 0.0915942 0.480965
0 0.118325 0.76284 0.0316163 0.116352 0.479587
0 0.848757 0.818 0.0360935 0.0822978 0.405225
0 0.188652 0.597144 0.0249927 0.0872825 0.383641
0 0.860365 0.514169 0.0416056 0.172957 0.380486
0 0.532458 0.625928 0.0199539 0.0899528 0.310406
0 0.0858701 0.747603 0.0291999 0.104004 0.279719
0 0.018271 0.618142 0.0365419 0.159981 0.276783
0 0.69353 0.831654 0.0344634 0.0925877 0.2381
0 0.17864 0.82038 0.0294605 0.0754017 0.218789
0 0.793088 0.973417 0.0265094 0.0531666 0.217508
0 0.859413 0.542333 0.0446293 0.208985 0.207271
0 0.761826 0.736315 0.0301621 0.109685 0.205788
0 0.669936 0.905756 0.0214132 0.089229 0.198992
0 0.0895537 0.754837 0.0354073 0.117094 0.194243
0 0.142818 0.283578 0.0273533 0.112182 0.17272
0 0.268572 0.575261 0.0260218 0.094735 0.165506
0 0.915006 0.435643 0.0308944 0.114453 0.159037
0 0.010504 0.735907 0.021008 0.159283 0.158439
0 0.0927617 0.186965 0.0201084 0.0600274 0.155178
0 0.0927981 0.269709 0.0352684 0.113228 0.153332
0 0.984783 0.973201 0.0287159 0.0535975 0.152741
0 0.14188 0.268639 0.0257095 0.0821702 0.151975
0 0.142077 0.293107 0.0330201 0.133754 0.148796
0 0.951847 0.726213 0.0263402 0.110554 0.147947
30 0.248304 0.102355 0.0390654 0.0378604 0.14787
0 0.86539 0.510692 0.0317383 0.159329 0.144555
0 0.0904129 0.754749 0.0301284 0.086758 0.141092
0 0.0987294 0.274757 0.0249394 0.098773 0.139593
0 0.798544 0.662527 0.047798 0.133871 0.136084
0 0.131124 0.332717 0.024368 0.114355 0.126671
0 0.764931 0.900757 0.0287753 0.100643 0.12085
0 0.885924 0.926512 0.0314875 0.0890301 0.118715
0 0.0928119 0.195876 0.0222261 0.0776092 0.115351
0 0.0935135 0.226144 0.0287088 0.136393 0.115231
9 0.621795 0.316758 0.0164063 0.0768295 0.110421
0 0.137655 0.306932 0.0375644 0.160747 0.109513
0 0.0937734 0.188035 0.0270771 0.0658299 0.107137
0 0.139081 0.258026 0.0241239 0.0601581 0.105887
0 0.907698 0.975002 0.0298131 0.0499953 0.104728
0 0.0397153 0.141034 0.038299 0.0935279 0.103906
0 0.951232 0.746117 0.0277053 0.151598 0.102003
9 0.734684 0.43998 0.0237574 0.0877418 0.100158
