0 0.0324908 0.947957 0.0341174 0.104086 0.558763
0 0.14731 0.970926 0.0364591 0.0581475 0.528733
3 0.121212 0.221905 0.0555344 0.108713 0.344563
0 0.889146 0.723883 0.0396414 0.185845 0.340221
0 0.414794 0.968226 0.0281622 0.0635479 0.331358
0 0.407326 0.968006 0.0432704 0.0639886 0.28382
0 0.0497319 0.217958 0.0416231 0.110015 0.278523
0 0.606905 0.210809 0.0243866 0.0886066 0.273326
0 0.368611 0.803918 0.0302578 0.0842313 0.222094
0 0.593973 0.950213 0.0418602 0.0950604 0.206085
0 0.674804 0.712462 0.0314241 0.141265 0.198634
0 0.342265 0.153109 0.0319631 0.105042 0.197791
0 0.533581 0.849255 0.0208586 0.0877072 0.19157
0 0.645624 0.972227 0.0276714 0.0555461 0.189455
0 0.0438716 0.214815 0.0295067 0.103414 0.181095
9 0.00901321 0.0392583 0.0180068 0.0785165 0.16297
0 0.173097 0.184841 0.0226249 0.0868821 0.152464
0 0.373701 0.827725 0.0434114 0.131634 0.148304
0 0.25344 0.963573 0.0363665 0.0714216 0.146412
0 0.0700796 0.799814 0.0429135 0.133567 0.140905
0 0.193233 0.045227 0.0290105 0.0904541 0.139965
9 0.612732 0.404829 0.0245945 0.0966453 0.126679
0 0.284383 0.197155 0.0265862 0.100755 0.126121
0 0.244108 0.850989 0.0360378 0.0816679 0.121284
0 0.641822 0.904165 0.0209637 0.0579795 0.11884
0 0.846967 0.531352 0.0238792 0.0948036 0.113174
0 0.592861 0.940186 0.0311699 0.0790217 0.106097
0 0.325148 0.913096 0.0560577 0.13652 0.104447
