0 0.696935 0.940072 0.0503099 0.104144 0.486807
0 0.847736 0.7085 0.0335373 0.125023 0.436884
0 0.601575 0.971964 0.0323613 0.056072 0.410268
0 0.198969 0.957123 0.0509034 0.0857535 0.352084
0 0.897287 0.777051 0.0229112 0.092248 0.346831
0 0.0315567 0.968892 0.0259883 0.0622152 0.336832
0 0.241435 0.0463938 0.0349089 0.0902795 0.322932
0 0.953209 0.937732 0.0319163 0.118503 0.291218
0 0.0147537 0.88186 0.0295075 0.096965 0.259772
0 0.0949858 0.219644 0.0508494 0.112671 0.253867
0 0.792935 0.414449 0.0298349 0.11342 0.249053
0 0.018426 0.85141 0.036852 0.151829 0.209948
0 0.555256 0.222945 0.0395197 0.0986591 0.197692
0 0.242791 0.207805 0.0240456 0.0971324 0.196245
0 0.631482 0.717405 0.0395523 0.113431 0.195112
0 0.562752 0.983198 0.0254044 0.0336047 0.179748
0 0.416502 0.82171 0.0245878 0.0896469 0.16847
0 0.020566 0.20507 0.041132 0.0934736 0.167055
0 0.313055 0.785342 0.0329217 0.128725 0.163439
0 0.217617 0.170075 0.0184945 0.0893858 0.157866
0 0.107025 0.797591 0.0427451 0.126162 0.157045
0 0.543693 0.92829 0.0275801 0.0846309 0.151521
0 0.741387 0.452855 0.0236754 0.0961892 0.149571
0 0.924087 0.388129 0.0279541 0.111555 0.145029
0 0.0600815 0.981173 0.0177307 0.0376547 0.143955
0 0.322294 0.189536 0.0269199 0.110475 0.137953
0 0.0910666 0.141713 0.0243668 0.0753978 0.136842
0 0.0267927 0.847093 0.0505053 0.147986 0.136624
0 0.376869 0.930909 0.0574474 0.137967 0.126933
0 0.543924 0.915656 0.0243891 0.0597971 0.122502
0 0.670131 0.447172 0.0341367 0.105566 0.121534
0 0.570637 0.426238 0.0276589 0.134102 0.119666
0 0.195987 0.973688 0.0443292 0.0526241 0.119155
0 0.808272 0.0948397 0.0271296 0.0920926 0.115177
0 0.205923 0.962127 0.0381911 0.0756539 0.111202
0 0.0282456 0.815137 0.0477856 0.0834231 0.101381
0 0.0648568 0.981604 0.0318088 0.0367918 0.100586
