0 0.81851 0.963777 0.0308729 0.0715655 0.509291
0 0.156556 0.953868 0.0308547 0.0921089 0.383965
0 0.155974 0.244989 0.0385133 0.12828 0.377765
0 0.321437 0.0581243 0.0260543 0.111294 0.334559
0 0.862621 0.895455 0.0321313 0.100373 0.317481
0 0.897742 0.786074 0.0238152 0.0880907 0.30187
0 0.76892 0.741428 0.0260514 0.0915224 0.257465
0 0.114019 0.981488 0.0264104 0.0370238 0.254398
0 0.471242 0.220579 0.0369613 0.0873236 0.240833
0 0.18103 0.882983 0.0321065 0.0902379 0.231821
0 0.0380616 0.236976 0.0340632 0.117411 0.187093
0 0.69156 0.923994 0.0436515 0.0890325 0.182878
30 0.150568 0.60144 0.0796067 0.512906 0.171866
0 0.236013 0.0853127 0.0315065 0.125746 0.166381
0 0.666774 0.438958 0.0250402 0.0975602 0.165082
0 0.0551666 0.445428 0.0187695 0.0751741 0.164495
0 0.545759 0.973992 0.0379852 0.052017 0.16153
0 0.259912 0.835039 0.0457879 0.16394 0.159691
0 0.307748 0.173863 0.0376113 0.138183 0.159047
0 0.280631 0.973797 0.0384198 0.0522986 0.152207
0 0.897641 0.800713 0.0253936 0.119307 0.150116
0 0.0365111 0.222871 0.030587 0.0883231 0.147015
30 0.204311 0.442818 0.050342 0.257069 0.135362
0 0.509395 0.849329 0.0278426 0.0923873 0.134549
30 0.083724 0.583843 0.129162 0.411672 0.132568
0 0.392956 0.796539 0.0425368 0.173956 0.132274
0 0.0787284 0.267897 0.0288805 0.103557 0.131431
0 0.802737 0.569826 0.0222034 0.0891509 0.130465
0 0.309567 0.193173 0.035936 0.0989996 0.128746
0 0.526092 0.983874 0.0217919 0.0322522 0.124419
0 0.218537 0.986562 0.0214864 0.0268763 0.123798
0 0.534875 0.978364 0.0390906 0.0432716 0.121393
0 0.10891 0.839541 0.0491178 0.121914 0.111383
0 0.578891 0.682732 0.0191786 0.0761047 0.1101
0 0.0746339 0.881287 0.0354009 0.0865492 0.108037
30 0.275177 0.512155 0.0667423 0.369159 0.102339
0 0.352864 0.327883 0.0328984 0.120781 0.10182
