0 0.394472 0.968136 0.0285924 0.0637275 0.532161
0 0.330857 0.157007 0.0239634 0.107466 0.358758
0 0.19168 0.178443 0.0206794 0.0914678 0.351022
0 0.628113 0.972986 0.0269895 0.054029 0.347307
0 0.167744 0.976596 0.0348173 0.0468084 0.337653
0 0.0876425 0.811107 0.0407128 0.148908 0.324885
0 0.215596 0.046488 0.0386733 0.0925399 0.29227
0 0.871754 0.720252 0.0326363 0.164869 0.277348
0 0.30099 0.197626 0.0273059 0.103992 0.274885
0 0.82997 0.0941007 0.0240985 0.0904418 0.262031
0 0.989808 0.051465 0.0198804 0.0941137 0.254924
0 0.289106 0.784796 0.0359536 0.117664 0.243999
0 0.0205158 0.937207 0.0397897 0.123924 0.219984
0 0.667898 0.905449 0.0214941 0.0542413 0.196899
0 0.764716 0.46048 0.0262154 0.10024 0.19311
0 0.941259 0.382625 0.044578 0.116342 0.184953
0 0.019265 0.687802 0.0385301 0.130171 0.173266
0 0.573565 0.92787 0.0318941 0.0653706 0.171245
0 0.235617 0.944051 0.0416338 0.110025 0.170005
0 0.0857261 0.165851 0.0310949 0.124968 0.16498
0 0.126507 0.76159 0.0455865 0.168031 0.163659
0 0.870726 0.696538 0.0319778 0.115102 0.156633
0 0.0898863 0.830673 0.0440273 0.126633 0.155509
0 0.0114252 0.839126 0.0227763 0.100223 0.149411
0 0.29258 0.805363 0.0423922 0.162741 0.147286
0 0.567818 0.943781 0.0475488 0.0969066 0.142893
0 0.0131632 0.940966 0.0262754 0.118067 0.140136
0 0.584273 0.213198 0.0369799 0.0944444 0.139836
0 0.981199 0.946812 0.0370541 0.104719 0.136054
0 0.0875715 0.139603 0.0243013 0.0715449 0.134981
0 0.553846 0.856922 0.0409939 0.0880307 0.134084
0 0.672397 0.925793 0.0327056 0.0934399 0.126052
0 0.0151423 0.0398887 0.030196 0.0797774 0.125742
0 0.816832 0.411651 0.027981 0.115317 0.122703
0 0.668212 0.914535 0.02339 0.0737192 0.116717
0 0.241051 0.956673 0.0507147 0.0858296 0.115221
3 0.240048 0.944928 0.0526097 0.108144 0.110753
0 0.494128 0.88021 0.0379053 0.0650593 0.105772
0 0.21785 0.205413 0.0224287 0.0933967 0.105051
0 0.811059 0.410184 0.0389141 0.115924 0.104768
0 0.0103606 0.877133 0.0207212 0.177502 0.100986
