0 0.299659 0.861694 0.0378791 0.105059 0.422912
0 0.812212 0.748999 0.025074 0.10161 0.420635
0 0.525657 0.955291 0.0733433 0.0894182 0.409587
0 0.923948 0.448768 0.0257366 0.109812 0.39661
0 0.984197 0.747302 0.0311792 0.295668 0.374211
0 0.902385 0.797248 0.0287888 0.094746 0.361405
0 0.740465 0.942869 0.0505203 0.112198 0.353569
0 0.616962 0.821614 0.0386887 0.129042 0.300377
0 0.748709 0.938329 0.0337853 0.10711 0.258512
0 0.0545588 0.211135 0.0257326 0.0972518 0.257874
0 0.558571 0.434235 0.0299982 0.109553 0.256038
0 0.603198 0.984548 0.0184068 0.030903 0.224847
0 0.0573313 0.980451 0.0258505 0.0390988 0.190172
0 0.629649 0.181035 0.0225561 0.102481 0.18629
0 0.512975 0.954774 0.0477374 0.0898276 0.183995
0 0.351287 0.148525 0.0256738 0.106049 0.169651
0 0.766355 0.623426 0.0254404 0.0980137 0.156622
0 0.85027 0.648329 0.024037 0.0883395 0.155405
0 0.447458 0.859824 0.0310928 0.0863115 0.139832
0 0.90792 0.798213 0.0390688 0.0990809 0.125141
0 0.491956 0.199784 0.0275259 0.0880339 0.124703
0 0.984999 0.650693 0.0293838 0.099301 0.119073
0 0.142579 0.934485 0.0349451 0.0765228 0.118468
30 0.337822 0.612343 0.0640808 0.438717 0.116779
0 0.0278549 0.873845 0.0458494 0.0931063 0.108059
