0 0.650161 0.217391 0.0358071 0.0959917 0.549259
0 0.167518 0.917918 0.0280549 0.085945 0.455435
0 0.690059 0.972616 0.0344046 0.0547682 0.416231
0 0.0926815 0.971993 0.0346654 0.0560144 0.337765
0 0.354579 0.12083 0.0251183 0.107879 0.315852
0 0.898679 0.772871 0.0242537 0.0885609 0.312105
0 0.469388 0.963708 0.0291052 0.0725835 0.297301
0 0.224865 0.785558 0.031655 0.121884 0.262863
0 0.0114833 0.206449 0.0229642 0.104533 0.258296
0 0.76759 0.804594 0.0271852 0.0920193 0.257391
0 0.631002 0.955691 0.0305659 0.0880033 0.23042
0 0.0298858 0.793823 0.0479378 0.149969 0.225692
0 0.611468 0.731411 0.0288544 0.0988257 0.210371
0 0.1556 0.0475187 0.0394803 0.091541 0.204411
9 0.333079 0.0189212 0.0342002 0.0378424 0.182785
0 0.373867 0.86351 0.0427463 0.0857534 0.179026
0 0.76144 0.466944 0.0369159 0.149699 0.169163
0 0.0236392 0.396137 0.0281375 0.0970975 0.161371
0 0.370452 0.194267 0.0182982 0.0624608 0.159355
0 0.529034 0.0375462 0.0286767 0.0750923 0.155935
0 0.124298 0.804041 0.0527561 0.0907262 0.154217
0 0.168824 0.213345 0.0367209 0.101941 0.153943
0 0.250331 0.195537 0.0279824 0.0976259 0.149843
0 0.790085 0.796922 0.0299451 0.101986 0.148308
0 0.403928 0.782687 0.0280627 0.10998 0.142454
0 0.899045 0.789934 0.0259524 0.12543 0.122887
0 0.243773 0.515782 0.0184102 0.0877421 0.122764
0 0.53866 0.777887 0.0271809 0.0832802 0.122393
0 0.30322 0.963922 0.0355255 0.0714226 0.121355
0 0.013624 0.860154 0.0272479 0.0830223 0.119878
0 0.295384 0.84475 0.0194623 0.078816 0.119323
0 0.871604 0.405347 0.0274336 0.121403 0.116855
0 0.887656 0.533665 0.0226622 0.089604 0.116698
0 0.438528 0.804744 0.0399198 0.208089 0.109849
0 0.127333 0.204801 0.0234026 0.0968843 0.103336
