0 0.151403 0.959409 0.042439 0.0811815 0.45068
0 0.701399 0.809215 0.0287094 0.138297 0.448054
0 0.85925 0.956277 0.0319714 0.0874458 0.435428
0 0.756229 0.190897 0.0256119 0.102551 0.356445
0 0.617466 0.958256 0.0476084 0.0834888 0.342349
0 0.591511 0.251822 0.0252081 0.0864801 0.296099
30 0.288639 0.595827 0.0881089 0.531816 0.290186
30 0.431516 0.594729 0.0824926 0.544471 0.268033
0 0.90617 0.82979 0.0310138 0.099249 0.266979
0 0.858569 0.624929 0.0222264 0.100319 0.230328
30 0.465144 0.601291 0.0550373 0.548305 0.221844
0 0.56257 0.181323 0.0254082 0.0917011 0.215155
0 0.391794 0.867123 0.0389535 0.0966833 0.200561
30 0.380181 0.634836 0.0707522 0.486119 0.193072
0 0.660183 0.0613053 0.020809 0.102877 0.179935
0 0.487273 0.44685 0.0318161 0.115303 0.177357
0 0.898395 0.799615 0.0419266 0.152651 0.175862
30 0.488618 0.671072 0.0595799 0.438742 0.159228
0 0.915978 0.219321 0.0372905 0.129149 0.152819
0 0.147774 0.379197 0.0287005 0.121368 0.146163
30 0.228696 0.567125 0.0820759 0.453714 0.144467
30 0.378054 0.900876 0.065826 0.0635075 0.136586
0 0.849398 0.438808 0.0270985 0.134173 0.131995
30 0.333985 0.612486 0.0543677 0.406612 0.131816
0 0.185339 0.0692299 0.0358127 0.0963177 0.127433
0 0.741157 0.592875 0.0225033 0.0863116 0.12647
0 0.661916 0.192046 0.0289917 0.0996361 0.124145
0 0.600597 0.094683 0.0218775 0.0791205 0.119193
0 0.757675 0.692286 0.0260206 0.124523 0.113726
30 0.48856 0.627371 0.0437642 0.492304 0.112641
30 0.560961 0.737049 0.0444141 0.286037 0.109846
30 0.39687 0.6044 0.104468 0.55323 0.109085
30 0.176389 0.59503 0.0845217 0.486722 0.105646
0 0.625639 0.576183 0.0220529 0.0659933 0.10159
30 0.538073 0.642233 0.0603159 0.475039 0.100368
