0 0.855474 0.967419 0.0416132 0.0651626 0.44006
0 0.220017 0.75341 0.0269112 0.0928724 0.408704
0 0.97668 0.787051 0.0295342 0.103456 0.36469
0 0.0522714 0.834787 0.0631711 0.166981 0.35828
0 0.362633 0.048579 0.0230505 0.0835416 0.345461
0 0.106414 0.31132 0.035548 0.152974 0.343866
0 0.220257 0.769223 0.0286567 0.127857 0.317311
0 0.657367 0.964371 0.0341296 0.0712571 0.306152
0 0.564585 0.850678 0.0243043 0.0828663 0.305109
0 0.722196 0.808484 0.0344555 0.0921769 0.303048
0 0.346412 0.880848 0.0344547 0.0791235 0.302697
0 0.141412 0.783028 0.0344014 0.100277 0.300354
0 0.262864 0.769029 0.0253518 0.110206 0.278613
0 0.268214 0.294008 0.0343006 0.129134 0.259151
0 0.263299 0.757995 0.0226995 0.0845872 0.244753
0 0.341571 0.902157 0.0456253 0.0766701 0.243597
0 0.0498532 0.862389 0.062429 0.227298 0.24263
0 0.835695 0.168994 0.0266006 0.0890456 0.232883
0 0.345825 0.867554 0.0269212 0.0533082 0.225324
0 0.758195 0.936294 0.0270933 0.0845787 0.216215
0 0.261956 0.305513 0.0225742 0.106054 0.208357
0 0.341874 0.591809 0.0220824 0.0894896 0.206557
0 0.794021 0.964158 0.02652 0.0716833 0.2006
0 0.0423122 0.926163 0.0415188 0.106971 0.180293
0 0.684432 0.668515 0.0290112 0.0903605 0.168232
0 0.492853 0.959467 0.0389455 0.0761864 0.167506
0 0.275684 0.284876 0.0225928 0.127769 0.164814
0 0.239288 0.543639 0.0309341 0.0897438 0.152428
0 0.0209513 0.336234 0.0305934 0.0854275 0.146908
0 0.619882 0.88413 0.027821 0.100194 0.145687
0 0.00695511 0.207328 0.0139102 0.104407 0.139156
0 0.513544 0.867297 0.0280037 0.0912973 0.136808
0 0.630412 0.80368 0.0212179 0.0491085 0.136377
0 0.858822 0.710227 0.0224743 0.108732 0.134044
0 0.429074 0.583651 0.031396 0.0854831 0.126462
0 0.513591 0.849269 0.0273131 0.0552909 0.114035
9 0.641135 0.313649 0.0226481 0.0865538 0.108435
0 0.6612 0.439994 0.0281549 0.103034 0.107427
0 0.902626 0.577792 0.0306545 0.105123 0.106285
0 0.620576 0.857732 0.0301064 0.149627 0.100644
