0 0.400166 0.968179 0.0307267 0.0636428 0.536714
0 0.157392 0.973006 0.0372494 0.0539877 0.506783
0 0.595761 0.211045 0.0315424 0.0888332 0.427069
0 0.0126186 0.676396 0.0251664 0.129741 0.392139
0 0.0289395 0.942541 0.0372428 0.114917 0.336264
0 0.588677 0.94945 0.036867 0.0963761 0.335863
0 0.65382 0.90292 0.0219869 0.0577965 0.328081
0 0.635531 0.97279 0.0288595 0.0544189 0.312493
0 0.336717 0.152626 0.0269363 0.103887 0.297792
0 0.183365 0.183259 0.0221403 0.0970483 0.294702
0 0.878756 0.697272 0.0326916 0.119167 0.248263
0 0.653804 0.918863 0.0242591 0.0893631 0.225038
0 0.379131 0.834508 0.0308759 0.130607 0.20684
0 0.987895 0.947827 0.0236704 0.103513 0.199144
0 0.50896 0.265322 0.0286768 0.153016 0.175247
0 0.213004 0.363941 0.0245936 0.112081 0.162429
33 0.837007 0.0866793 0.0214394 0.0786059 0.148161
0 0.0089712 0.968587 0.0178304 0.0628253 0.148016
0 0.780514 0.71206 0.0263549 0.095745 0.145658
0 0.072765 0.183833 0.0242384 0.0761159 0.144636
0 0.21008 0.20771 0.0271426 0.101303 0.140894
0 0.560166 0.510548 0.0234413 0.114253 0.135832
0 0.185201 0.80338 0.0426716 0.0910218 0.131205
0 0.0595847 0.219699 0.0421503 0.112248 0.130951
0 0.898273 0.76721 0.0220867 0.0848273 0.126065
0 0.795175 0.71101 0.0385963 0.107121 0.123524
0 0.210375 0.37355 0.0296812 0.133899 0.117378
0 0.4867 0.614241 0.0273461 0.116062 0.117151
0 0.64005 0.971307 0.0237448 0.0573865 0.114563
30 0.309187 0.682506 0.0651978 0.330276 0.114108
30 0.290085 0.679944 0.0590819 0.328961 0.112085
33 0.838356 0.0719971 0.0200451 0.0488925 0.108463
0 0.291956 0.201793 0.0265011 0.106163 0.104196
0 0.0739717 0.195876 0.0275738 0.0958312 0.103828
0 0.00591944 0.969438 0.0118295 0.0611248 0.102888
0 0.239856 0.948467 0.0410173 0.100193 0.101978
0 0.572998 0.960545 0.0656544 0.0789107 0.101757
