0 0.6237 0.972273 0.0303712 0.0554541 0.392463
0 0.9883 0.0485579 0.0224499 0.0924557 0.377483
0 0.940378 0.386168 0.0391567 0.108569 0.268624
0 0.389888 0.970875 0.0301513 0.0582508 0.268415
0 0.866517 0.725412 0.037396 0.173883 0.256354
0 0.0683055 0.218499 0.0376135 0.103397 0.237424
0 0.810665 0.411065 0.0305428 0.109915 0.233329
0 0.580372 0.220046 0.0283665 0.10826 0.231775
0 0.172867 0.978374 0.0322433 0.0432514 0.219741
0 0.196099 0.177207 0.0219482 0.0925547 0.215263
0 0.0856689 0.792724 0.0378051 0.114927 0.208129
0 0.530088 0.263584 0.0405334 0.145532 0.206531
0 0.218344 0.0468936 0.037217 0.0886758 0.199258
0 0.0191276 0.936329 0.0382552 0.127343 0.188951
0 0.864569 0.69896 0.0358368 0.118124 0.173209
0 0.897892 0.773191 0.0217371 0.0891675 0.163845
0 0.30568 0.198866 0.0288276 0.101157 0.15348
0 0.580353 0.244365 0.0292608 0.156901 0.150423
0 0.827411 0.0954164 0.0237535 0.0899642 0.146064
0 0.945971 0.384906 0.0276049 0.10515 0.140137
0 0.295156 0.800675 0.0451936 0.163111 0.129179
0 0.0118435 0.829507 0.0236662 0.110396 0.12797
0 0.595424 0.421952 0.0338471 0.128224 0.126714
0 0.366255 0.848631 0.0268167 0.0895897 0.126243
0 0.78534 0.691673 0.0305012 0.0881664 0.116375
0 0.67538 0.922955 0.0237233 0.0880963 0.116014
0 0.329818 0.159415 0.0226569 0.103335 0.114418
9 0.587201 0.0323238 0.0200619 0.0646476 0.113392
0 0.0190227 0.87003 0.0380454 0.202895 0.111299
0 0.674796 0.910795 0.0216984 0.0626467 0.110783
0 0.502183 0.603064 0.0250341 0.0812384 0.108229
0 0.760081 0.461324 0.0277117 0.102578 0.103441
0 0.826122 0.095624 0.0331579 0.0932622 0.103266
0 0.975531 0.945699 0.0470186 0.108603 0.10046
