0 0.903422 0.815592 0.0251072 0.123756 0.581245
0 0.935524 0.834305 0.0391602 0.0955308 0.581106
0 0.367016 0.871186 0.0350082 0.108876 0.485345
0 0.826212 0.952608 0.0374348 0.0943139 0.4148
0 0.897181 0.219928 0.0326555 0.134318 0.414553
0 0.149611 0.955709 0.0354846 0.0885827 0.413137
0 0.834925 0.584775 0.0306336 0.134896 0.400657
0 0.126282 0.197326 0.0271714 0.10202 0.310961
0 0.590855 0.956864 0.0391711 0.0861551 0.306934
0 0.68472 0.820388 0.041177 0.146441 0.250005
0 0.957071 0.307908 0.0231989 0.0870525 0.248675
0 0.528977 0.864048 0.0355635 0.0894824 0.212258
0 0.68572 0.98462 0.0177627 0.0307606 0.211784
30 0.381743 0.618412 0.0928909 0.499672 0.180322
0 0.258456 0.957594 0.0354575 0.082944 0.179158
0 0.807137 0.55653 0.0275341 0.0858634 0.178648
0 0.883242 0.732664 0.0234464 0.103847 0.169581
0 0.781514 0.303622 0.0317154 0.0951444 0.167191
0 0.832772 0.612106 0.0356234 0.109981 0.165841
0 0.308233 0.152561 0.0337118 0.103606 0.160766
0 0.347588 0.208588 0.0224092 0.108263 0.149793
0 0.650762 0.0991996 0.0252678 0.118233 0.147968
0 0.114631 0.620823 0.0469793 0.14385 0.139178
30 0.443798 0.603126 0.0910258 0.555607 0.137299
0 0.375464 0.210314 0.0271445 0.112573 0.136554
0 0.422382 0.197665 0.0274679 0.107029 0.124352
0 0.813659 0.227129 0.0247171 0.0886489 0.120536
0 0.234064 0.532399 0.0289094 0.111491 0.119875
30 0.30966 0.493079 0.066703 0.341534 0.117359
30 0.246709 0.540349 0.084765 0.440355 0.115844
0 0.86441 0.427937 0.0275398 0.153176 0.11556
30 0.396227 0.612704 0.0777226 0.491814 0.111513
0 0.368361 0.863568 0.0269628 0.0957598 0.107363
0 0.426328 0.333199 0.0219307 0.0867404 0.103581
