0 0.610395 0.957701 0.0389426 0.0845977 0.475284
0 0.911385 0.213243 0.0398466 0.144457 0.471544
0 0.15387 0.959221 0.0470585 0.0815573 0.465492
0 0.698353 0.807516 0.0302899 0.137604 0.455506
0 0.848079 0.957143 0.0463844 0.0857132 0.390917
0 0.911346 0.826128 0.0278904 0.101563 0.308709
0 0.386235 0.865994 0.0401831 0.0970343 0.280381
30 0.292694 0.594719 0.0946459 0.533236 0.264616
0 0.658513 0.0635759 0.0200409 0.0991159 0.26427
0 0.586242 0.255873 0.0236656 0.0926256 0.260576
0 0.795472 0.306524 0.034883 0.094225 0.259438
0 0.663862 0.925446 0.0455692 0.0920913 0.252257
0 0.488076 0.446366 0.0294176 0.119558 0.233613
0 0.939581 0.633424 0.0275664 0.0937402 0.23121
0 0.661364 0.592606 0.0257757 0.10159 0.223096
0 0.852636 0.623752 0.0245627 0.101193 0.211037
0 0.371035 0.220187 0.0225327 0.105925 0.193295
0 0.898362 0.812464 0.0261283 0.127142 0.192844
0 0.620889 0.580519 0.0262095 0.0811554 0.187763
30 0.285337 0.59389 0.130951 0.563788 0.178776
0 0.848991 0.438217 0.0317909 0.141331 0.177878
0 0.758455 0.189753 0.0247551 0.107588 0.17113
0 0.894111 0.805947 0.022793 0.11213 0.155609
0 0.657851 0.192185 0.0303721 0.0998612 0.155158
0 0.344687 0.215179 0.0224724 0.107442 0.146802
0 0.420373 0.198934 0.0277844 0.0887178 0.145857
0 0.214134 0.315391 0.0314725 0.114257 0.144159
0 0.967742 0.31684 0.0348171 0.0841547 0.14414
0 0.236587 0.917426 0.0443004 0.159601 0.143587
0 0.232415 0.892599 0.0357755 0.10844 0.126205
0 0.1465 0.358813 0.0328268 0.122494 0.124411
0 0.892317 0.798739 0.0197917 0.0902343 0.123431
30 0.369952 0.617422 0.0524681 0.41768 0.122452
0 0.620738 0.591909 0.0301441 0.102649 0.122159
0 0.146649 0.378528 0.0313095 0.115944 0.119916
0 0.178029 0.251326 0.0283157 0.0842775 0.119524
0 0.321802 0.130732 0.0297587 0.131601 0.116612
30 0.180663 0.598724 0.0780075 0.487044 0.116216
30 0.239859 0.615352 0.0887179 0.346522 0.10923
0 0.792649 0.549396 0.0242595 0.0888519 0.107152
30 0.232613 0.572267 0.0848162 0.419184 0.105794
0 0.229058 0.882778 0.0291211 0.0893994 0.104883
0 0.558912 0.17978 0.023488 0.0858697 0.102341
0 0.392258 0.202875 0.0224014 0.0952361 0.101968
0 0.0159186 0.353345 0.0318371 0.144399 0.101952
30 0.336745 0.583623 0.0520968 0.500013 0.100917
0 0.144569 0.189778 0.0326733 0.10388 0.100217
