0 0.351549 0.129463 0.023877 0.108352 0.460238
0 0.674384 0.970414 0.0304182 0.0591723 0.435352
0 0.456346 0.96627 0.0340227 0.0674604 0.415342
0 0.0398434 0.972115 0.0370311 0.0557699 0.38115
0 0.911393 0.722749 0.0449755 0.195475 0.368389
0 0.111804 0.972721 0.036985 0.0545583 0.354776
0 0.638419 0.209499 0.0269385 0.0872943 0.289577
0 0.187189 0.927199 0.0364675 0.0893522 0.270932
0 0.420372 0.823954 0.0427391 0.184042 0.257734
0 0.0225955 0.212475 0.0357596 0.104948 0.257463
0 0.236206 0.784796 0.03792 0.113919 0.247095
0 0.420017 0.852776 0.0429126 0.124851 0.242216
0 0.181686 0.914834 0.0222779 0.0668653 0.226198
0 0.0889761 0.821757 0.0430001 0.107128 0.219258
0 0.177226 0.21289 0.0282485 0.0984876 0.219032
0 0.264687 0.324912 0.043086 0.159251 0.218677
0 0.613184 0.720385 0.0291801 0.123369 0.201361
0 0.614296 0.957083 0.0379245 0.0858331 0.195898
0 0.358631 0.86449 0.0281988 0.0770621 0.179762
0 0.769082 0.789632 0.0308075 0.107078 0.159484
0 0.133919 0.804883 0.0372141 0.0920728 0.146609
0 0.917895 0.727828 0.0311436 0.178508 0.143086
0 0.33683 0.798572 0.0329603 0.0834647 0.142689
0 0.598553 0.901848 0.0252696 0.0610511 0.1388
0 0.0757781 0.647112 0.0276403 0.105118 0.121453
0 0.248166 0.386675 0.0236528 0.0822008 0.120463
0 0.165455 0.0479404 0.0328309 0.0923599 0.116828
0 0.142942 0.199266 0.0301508 0.0977996 0.115343
0 0.0464433 0.179719 0.0231337 0.0964701 0.114134
0 0.262337 0.200423 0.0288217 0.107559 0.112768
0 0.205559 0.309216 0.0228008 0.0767065 0.101622
