0 0.823188 0.970746 0.0221432 0.0585079 0.536655
0 0.624705 0.886423 0.0274652 0.0867043 0.489567
0 0.757734 0.84626 0.0296371 0.107617 0.385133
0 0.595604 0.952759 0.0524971 0.0944819 0.379355
0 0.728643 0.242449 0.0282297 0.145804 0.354073
0 0.210251 0.826977 0.0400059 0.0875013 0.341757
0 0.47838 0.975472 0.0246001 0.048755 0.338775
0 0.93744 0.569565 0.0292452 0.0919506 0.291867
0 0.898425 0.793679 0.0235764 0.0877865 0.288937
0 0.0651445 0.887432 0.0301136 0.0853462 0.266401
0 0.383758 0.0533018 0.0215229 0.106604 0.247632
0 0.349259 0.0604711 0.0234857 0.111873 0.231896
0 0.759139 0.402698 0.0359602 0.0970164 0.214994
30 0.344666 0.537221 0.0437511 0.399265 0.208925
0 0.182932 0.979101 0.025592 0.0417989 0.20014
0 0.386686 0.961993 0.0449883 0.0760136 0.192641
0 0.588055 0.451181 0.0242777 0.0894686 0.191495
0 0.664821 0.735299 0.0329067 0.113199 0.190891
0 0.139975 0.864606 0.0302049 0.0768528 0.170637
0 0.700165 0.776245 0.0232244 0.0816614 0.165697
0 0.373907 0.245623 0.0303503 0.097829 0.163772
0 0.141685 0.234299 0.0427105 0.11341 0.161238
0 0.729253 0.652945 0.0329068 0.0875265 0.160872
0 0.696407 0.798439 0.0323738 0.124482 0.151589
0 0.628416 0.290363 0.0327205 0.0857724 0.147882
0 0.873043 0.638014 0.0252533 0.0970512 0.142117
0 0.501826 0.462641 0.0290983 0.0931805 0.139942
0 0.430793 0.067567 0.0390077 0.132466 0.139175
0 0.651245 0.632474 0.0203862 0.0905798 0.13753
0 0.277599 0.367234 0.0307932 0.0821161 0.136784
0 0.326454 0.840517 0.0262705 0.0837055 0.133964
0 0.242107 0.259069 0.0381902 0.131325 0.129574
0 0.487203 0.191766 0.0256596 0.108129 0.127111
0 0.64906 0.438163 0.0347004 0.118137 0.124555
0 0.238947 0.280344 0.0401886 0.0948346 0.115327
0 0.668509 0.123724 0.0201403 0.0822781 0.11478
0 0.166802 0.131746 0.0261921 0.112532 0.114459
0 0.730372 0.639047 0.0240437 0.062154 0.110766
0 0.783406 0.296337 0.0203585 0.0506081 0.110056
0 0.72575 0.658497 0.0420171 0.102463 0.110039
0 0.0819388 0.706353 0.0269561 0.0745853 0.103804
0 0.245484 0.238677 0.0289799 0.0910379 0.10167
