0 0.706674 0.251579 0.0442442 0.142673 0.476627
0 0.945422 0.559692 0.045465 0.10674 0.445417
0 0.850093 0.631676 0.0284753 0.0970389 0.375013
0 0.090108 0.888089 0.0355638 0.0848521 0.342059
0 0.77902 0.860127 0.0399831 0.107449 0.334916
0 0.603911 0.885194 0.0376005 0.0946247 0.32731
0 0.4546 0.973925 0.0342747 0.0521498 0.312109
0 0.79414 0.965905 0.0324158 0.0681901 0.269916
0 0.375838 0.971593 0.0459175 0.0568146 0.259732
0 0.684242 0.128952 0.0320145 0.0927735 0.247424
0 0.264092 0.895595 0.0348221 0.109473 0.243673
0 0.489573 0.828582 0.0374966 0.117884 0.199951
0 0.166973 0.873361 0.0409544 0.0995447 0.195961
0 0.633691 0.630285 0.0305165 0.095778 0.181557
0 0.15373 0.14194 0.0237335 0.0990343 0.176255
0 0.20575 0.979807 0.0298919 0.0403857 0.162944
0 0.563195 0.969611 0.0351607 0.0607777 0.162177
0 0.385812 0.972321 0.0271974 0.0553588 0.154343
0 0.814678 0.470607 0.0222622 0.0889891 0.144502
0 0.776421 0.400777 0.0299129 0.0879782 0.142135
0 0.831193 0.468023 0.0249222 0.0943448 0.115965
0 0.416144 0.837894 0.0386349 0.10269 0.114777
0 0.283431 0.0559359 0.0264967 0.104959 0.114318
0 0.00778809 0.875382 0.0155762 0.0806356 0.111807
0 0.780377 0.398564 0.0215615 0.081182 0.109064
0 0.352094 0.0496319 0.0219374 0.0987548 0.106132
0 0.824272 0.469515 0.0388889 0.0951916 0.101572
0 0.0776836 0.75887 0.027884 0.114704 0.101286
