0 0.533852 0.806072 0.027829 0.136052 0.459389
0 0.412767 0.958848 0.0500251 0.0823045 0.430029
0 0.0313054 0.978821 0.0288168 0.0423576 0.406118
0 0.147257 0.949958 0.0412962 0.100085 0.376915
0 0.91219 0.607906 0.0510788 0.167953 0.343154
0 0.653069 0.891693 0.0273333 0.0840388 0.330964
0 0.260372 0.263081 0.0370983 0.127208 0.253649
0 0.736846 0.839586 0.0284447 0.108369 0.235292
0 0.344122 0.075752 0.0242713 0.103222 0.21842
0 0.725163 0.772141 0.0232416 0.088502 0.204474
0 0.180585 0.113337 0.0310469 0.108128 0.202817
0 0.506181 0.97997 0.0228349 0.0400607 0.197612
0 0.425297 0.198484 0.0347521 0.0964598 0.164847
0 0.624946 0.969489 0.0495067 0.0610221 0.162291
0 0.382926 0.0807949 0.0228584 0.103411 0.156734
0 0.215427 0.253222 0.03071 0.0931728 0.155407
0 0.643976 0.744269 0.0307303 0.104881 0.150065
0 0.454994 0.0794301 0.0342427 0.109963 0.149746
0 0.313478 0.766161 0.0285768 0.172876 0.147349
0 0.404173 0.0668978 0.0187938 0.103029 0.136986
0 0.162394 0.206352 0.0339756 0.122978 0.125406
0 0.460747 0.797749 0.0346773 0.186977 0.124701
30 0.259987 0.50783 0.0623078 0.387931 0.122121
0 0.274963 0.813069 0.0351683 0.179774 0.11833
0 0.169649 0.746723 0.037748 0.120976 0.11756
0 0.749552 0.660424 0.0345881 0.0993631 0.114972
0 0.625589 0.427063 0.029703 0.116833 0.11151
0 0.566229 0.442061 0.0236236 0.0935851 0.111244
30 0.200489 0.505075 0.0756745 0.378833 0.108945
0 0.0377915 0.880556 0.0335276 0.0893309 0.1073
0 0.0900226 0.170578 0.0291525 0.0999703 0.107234
0 0.162217 0.225526 0.0353208 0.0934282 0.106039
0 0.628021 0.960926 0.0577749 0.0781491 0.105607
0 0.992148 0.517 0.0150646 0.220401 0.103451
