0 0.150224 0.959327 0.040467 0.0813461 0.530388
0 0.858126 0.956624 0.0369797 0.0867524 0.492584
0 0.706917 0.811752 0.0294186 0.137065 0.389996
0 0.618905 0.958329 0.0487638 0.0833206 0.30892
0 0.75511 0.19219 0.0255797 0.10218 0.294827
0 0.784862 0.552303 0.0211661 0.0978935 0.271663
0 0.903202 0.828605 0.0331586 0.101827 0.271437
30 0.429052 0.592607 0.0742728 0.551735 0.248215
30 0.288702 0.59838 0.0863812 0.53677 0.23574
0 0.114304 0.780173 0.0549013 0.214105 0.230383
0 0.393328 0.866588 0.0395727 0.0996066 0.211632
0 0.663149 0.189354 0.0249098 0.0962955 0.164803
0 0.861294 0.623058 0.0259939 0.0973553 0.160036
30 0.617553 0.732675 0.0451666 0.271032 0.159641
0 0.563845 0.181659 0.0253941 0.095296 0.151245
30 0.236816 0.566782 0.0798084 0.452622 0.146584
0 0.899821 0.815982 0.0396668 0.127279 0.144448
30 0.37897 0.621622 0.0739016 0.521552 0.142434
30 0.494396 0.686978 0.0735273 0.438858 0.137022
0 0.984499 0.307401 0.0229439 0.0703301 0.128501
30 0.192736 0.576006 0.0852692 0.481066 0.121817
0 0.697534 0.324274 0.0277462 0.0984612 0.118827
0 0.627279 0.579414 0.023032 0.0682609 0.118258
0 0.806242 0.503383 0.0150928 0.0627361 0.116256
0 0.219578 0.864594 0.0227885 0.0616649 0.116108
0 0.759329 0.693983 0.0287856 0.123751 0.115437
30 0.254976 0.581316 0.0978596 0.502344 0.11491
0 0.328287 0.139892 0.0314966 0.113586 0.109143
30 0.332769 0.61455 0.0542788 0.401489 0.107849
30 0.398108 0.608284 0.106153 0.558724 0.105289
0 0.594231 0.253648 0.0276265 0.0879784 0.10264
