0 0.583337 0.849081 0.0264046 0.103539 0.518596
0 0.498854 0.861437 0.0337624 0.0943634 0.426857
0 0.735245 0.959203 0.0380064 0.0815936 0.271984
0 0.531252 0.331657 0.0246212 0.082327 0.264254
0 0.255671 0.147726 0.0256837 0.104512 0.252118
0 0.785951 0.967157 0.0326446 0.0656867 0.217709
0 0.157632 0.965775 0.0407929 0.067744 0.1759
0 0.892308 0.316085 0.0336705 0.0960924 0.166811
0 0.494864 0.980217 0.0330896 0.0395664 0.164311
0 0.0965101 0.183454 0.0238414 0.0953317 0.147487
0 0.142065 0.925788 0.0593684 0.114807 0.128386
0 0.702133 0.105623 0.0356918 0.0923738 0.12237
30 0.901839 0.602062 0.0548376 0.541522 0.120722
0 0.856795 0.585342 0.0264511 0.0893931 0.120207
0 0.772637 0.59227 0.0233303 0.090004 0.119285
0 0.852071 0.697701 0.0272524 0.104788 0.118897
0 0.00555731 0.962314 0.0111146 0.0737675 0.111113
0 0.410563 0.304255 0.0289055 0.13838 0.109878
0 0.8613 0.232477 0.02906 0.091473 0.108563
0 0.985663 0.980249 0.0278422 0.0395014 0.104035
0 0.758988 0.441766 0.0238545 0.104501 0.103268
0 0.126047 0.866729 0.0300241 0.145945 0.100308
30 0.497113 0.57424 0.0443341 0.450547 0.100126
