0 0.607445 0.956611 0.0390596 0.0854623 0.588262
0 0.150397 0.958727 0.0395734 0.0825461 0.45835
0 0.697277 0.812232 0.0333585 0.142601 0.410395
0 0.846311 0.956221 0.0493221 0.0875585 0.349197
0 0.917299 0.830693 0.0265857 0.0974505 0.307085
0 0.383232 0.864849 0.041679 0.0981799 0.25957
0 0.907771 0.215183 0.0396594 0.143594 0.235234
0 0.850527 0.624809 0.024878 0.0946995 0.234466
0 0.378359 0.870469 0.0571362 0.108006 0.227562
0 0.661391 0.591663 0.0244573 0.101064 0.226015
0 0.793634 0.307104 0.0346523 0.0939658 0.225624
0 0.212502 0.318589 0.0316625 0.108009 0.223272
0 0.662633 0.921993 0.0439701 0.0891857 0.211243
0 0.223647 0.532989 0.0308545 0.112067 0.201174
0 0.08912 0.848863 0.0471849 0.142639 0.179086
0 0.894662 0.805408 0.0238975 0.0999972 0.17286
0 0.657275 0.0653359 0.0226282 0.0989114 0.166764
0 0.617931 0.58069 0.0222935 0.0846661 0.152732
0 0.895361 0.767426 0.0358684 0.17665 0.144251
0 0.230009 0.885598 0.0284624 0.0876005 0.131871
0 0.145808 0.350883 0.0339357 0.107717 0.130345
0 0.142173 0.193992 0.0357866 0.109652 0.12459
0 0.557073 0.178946 0.0227303 0.0840895 0.123728
0 0.0145192 0.35668 0.0290384 0.153535 0.121084
0 0.965448 0.315505 0.0341927 0.0857012 0.11545
0 0.584906 0.255632 0.0241182 0.0903513 0.114809
0 0.592044 0.782494 0.0520036 0.169459 0.109667
0 0.460897 0.65661 0.0230137 0.0953014 0.108361
0 0.371499 0.219773 0.0223865 0.104989 0.107285
0 0.232755 0.900264 0.0346487 0.117313 0.105369
0 0.656813 0.192849 0.031805 0.101182 0.103289
0 0.93511 0.634972 0.0329293 0.095873 0.100344
0 0.848929 0.440452 0.0357769 0.139699 0.100291
0 0.493184 0.446495 0.0216582 0.11868 0.10011
