0 0.813152 0.174976 0.0370081 0.089016 0.530696
0 0.283032 0.781867 0.0354872 0.114565 0.420993
0 0.382178 0.0459973 0.0248252 0.07955 0.386171
0 0.701878 0.806583 0.0235087 0.0931817 0.381058
0 0.844874 0.706912 0.0267902 0.110815 0.318648
0 0.06751 0.927642 0.0391884 0.0998697 0.295265
0 0.0776228 0.839201 0.0645573 0.158749 0.291432
0 0.641069 0.959441 0.0281891 0.0811184 0.279967
0 0.229007 0.243987 0.0380267 0.159013 0.277243
0 0.0114904 0.669396 0.0229808 0.155319 0.272927
0 0.95151 0.522736 0.0292832 0.102943 0.264623
0 0.37229 0.899382 0.0510245 0.114218 0.248368
0 0.549282 0.859049 0.0316454 0.0844282 0.245374
0 0.598474 0.882614 0.0307589 0.098062 0.23425
0 0.962695 0.781116 0.0260697 0.0988189 0.224594
0 0.847659 0.969013 0.028162 0.0619737 0.224465
0 0.375113 0.887535 0.0374613 0.0876633 0.214119
0 0.161205 0.66661 0.0357183 0.202816 0.205519
0 0.772013 0.960524 0.0393466 0.0780877 0.182273
0 0.372063 0.879185 0.0316928 0.0720615 0.178513
0 0.237295 0.749407 0.0297269 0.0963147 0.176957
0 0.240235 0.76877 0.0315356 0.134706 0.171228
0 0.00698976 0.320623 0.0138883 0.112431 0.16633
30 0.312268 0.546107 0.0898328 0.501712 0.164031
0 0.257538 0.551011 0.0229439 0.0944412 0.16284
0 0.0179066 0.208251 0.028759 0.0964427 0.156556
30 0.327553 0.562338 0.0652209 0.531071 0.146706
0 0.0437317 0.333987 0.025201 0.0843904 0.145333
0 0.472127 0.96397 0.0431242 0.0718754 0.143448
0 0.495874 0.861545 0.0307913 0.0681107 0.143365
0 0.104025 0.433507 0.0323874 0.14007 0.129539
0 0.806389 0.578931 0.0289181 0.0852522 0.125709
0 0.29616 0.268178 0.0252982 0.0915006 0.125495
30 0.382621 0.0885397 0.0400971 0.0241305 0.125347
0 0.924699 0.448671 0.0231644 0.0907501 0.124978
0 0.0610715 0.704566 0.0455144 0.124133 0.124866
0 0.0653253 0.83532 0.0390608 0.143487 0.121942
0 0.742626 0.50021 0.03303 0.12361 0.121083
0 0.104982 0.414708 0.028581 0.103867 0.120088
0 0.382728 0.0482539 0.033845 0.0887944 0.118049
0 0.00526393 0.316984 0.0105279 0.101207 0.117141
30 0.179165 0.565101 0.137298 0.542838 0.117037
0 0.787427 0.476734 0.0385294 0.216407 0.116976
0 0.0859932 0.121156 0.0238056 0.0592377 0.114079
0 0.365236 0.582752 0.0219237 0.0788971 0.113391
9 0.149221 0.0336542 0.0306076 0.0673084 0.112537
31 0.381583 0.0872274 0.0380354 0.0248333 0.106145
0 0.295562 0.286925 0.0273037 0.131564 0.106025
0 0.646893 0.442996 0.0274569 0.100073 0.105833
30 0.205167 0.559332 0.0921433 0.546614 0.105615
0 0.0600838 0.813153 0.0298015 0.086266 0.100246
