0 0.669729 0.216459 0.0269012 0.0893068 0.405509
0 0.61251 0.772929 0.0284443 0.131443 0.396216
0 0.704075 0.9742 0.0304935 0.0515997 0.335132
0 0.489684 0.9645 0.0364994 0.0709999 0.329435
33 0.516691 0.0368246 0.0219106 0.0736491 0.325342
0 0.639551 0.955797 0.04118 0.0875234 0.311669
0 0.898568 0.771713 0.0261849 0.0899825 0.290129
0 0.152754 0.918783 0.0408665 0.0837603 0.280026
0 0.0793283 0.974028 0.0382775 0.0519449 0.262261
0 0.944196 0.679604 0.0372646 0.121212 0.249539
9 0.319336 0.0217976 0.0323773 0.0422218 0.225523
0 0.209766 0.780796 0.0333797 0.122281 0.201423
0 0.318894 0.961659 0.0370486 0.0766814 0.199861
0 0.765606 0.831141 0.0320084 0.0899898 0.196889
0 0.10223 0.798176 0.0332526 0.0924567 0.194317
0 0.830453 0.484169 0.0250377 0.10083 0.177313
0 0.35847 0.104877 0.0241852 0.0989425 0.173119
0 0.0169731 0.805976 0.0335719 0.191348 0.166121
0 0.553252 0.787359 0.0222414 0.0922708 0.140401
0 0.313875 0.818442 0.0418379 0.130982 0.132471
0 0.152514 0.914694 0.0310199 0.0754947 0.124656
0 0.788294 0.826055 0.0303026 0.112022 0.107891
0 0.137597 0.0462878 0.0268745 0.0891031 0.107034
0 0.0584164 0.828563 0.051076 0.0992781 0.1029
