0 0.808112 0.951272 0.049864 0.0974561 0.565257
0 0.564607 0.95726 0.047442 0.0854793 0.557644
0 0.952886 0.832373 0.0262394 0.0990942 0.487855
0 0.719539 0.674714 0.0302724 0.103631 0.406827
0 0.905899 0.797983 0.0310383 0.0885091 0.399284
0 0.14854 0.950889 0.0327955 0.0864671 0.38708
0 0.667531 0.818868 0.0362007 0.13341 0.36515
0 0.356092 0.871972 0.0396353 0.112059 0.2684
30 0.373995 0.620764 0.0716475 0.417309 0.251641
0 0.8176 0.58605 0.0265564 0.145311 0.246172
30 0.287234 0.613288 0.0985206 0.506863 0.2428
0 0.907643 0.80811 0.0376259 0.112649 0.225815
0 0.0548697 0.746398 0.0420105 0.117591 0.203804
0 0.159671 0.7404 0.0273706 0.0872492 0.191017
30 0.167011 0.503254 0.0698673 0.345991 0.189611
30 0.471133 0.608371 0.104965 0.574865 0.189295
0 0.217122 0.236823 0.035339 0.0865702 0.176264
0 0.109778 0.20616 0.0418953 0.0958064 0.173478
30 0.301079 0.590685 0.0676953 0.481498 0.168888
30 0.422659 0.680993 0.0519387 0.404506 0.165634
0 0.903459 0.694463 0.035434 0.19987 0.150604
0 0.107291 0.193052 0.0450363 0.123681 0.14801
0 0.291065 0.162827 0.0385939 0.100802 0.147083
0 0.69878 0.595886 0.028574 0.105618 0.143652
30 0.450547 0.60731 0.0663201 0.573273 0.134939
30 0.385367 0.579897 0.068732 0.35064 0.134348
0 0.235858 0.32648 0.027129 0.0935654 0.132461
30 0.228978 0.553952 0.0596866 0.417691 0.131447
0 0.861599 0.732572 0.0300819 0.0939143 0.129315
0 0.255666 0.889749 0.0362051 0.0722779 0.129314
30 0.433176 0.680308 0.0449913 0.415256 0.125845
30 0.43498 0.609416 0.168745 0.573482 0.124113
0 0.867316 0.732263 0.0221714 0.0943438 0.123158
0 0.106081 0.593409 0.0366349 0.124043 0.121777
0 0.628692 0.597839 0.019264 0.0996945 0.116375
30 0.527004 0.682389 0.0652945 0.411819 0.113593
30 0.412457 0.674093 0.0658485 0.393571 0.112788
30 0.255458 0.566199 0.0784519 0.420943 0.112043
0 0.0200885 0.0523716 0.040177 0.104743 0.110515
30 0.305992 0.5084 0.0611927 0.320571 0.108956
0 0.279726 0.963454 0.0345257 0.0700852 0.107816
30 0.209821 0.554305 0.0916344 0.399935 0.106707
0 0.817588 0.621476 0.0218128 0.0848148 0.10558
30 0.625132 0.834032 0.0439541 0.251987 0.101736
30 0.376211 0.619954 0.0889832 0.532816 0.100987
