0 0.810081 0.749513 0.0254335 0.101627 0.498353
0 0.524971 0.956041 0.0759092 0.0879176 0.398834
0 0.925456 0.450402 0.0253541 0.110362 0.380321
0 0.297596 0.859303 0.0331452 0.100296 0.323999
0 0.902427 0.796088 0.0284408 0.092044 0.316522
0 0.0594613 0.979711 0.0271482 0.0405778 0.301461
0 0.615042 0.822484 0.0328269 0.123736 0.28519
0 0.9833 0.743957 0.0329971 0.301501 0.283817
0 0.510941 0.954711 0.0470464 0.0872349 0.250088
0 0.748554 0.932313 0.0320755 0.0968105 0.243962
0 0.600658 0.984192 0.0186435 0.031616 0.215767
0 0.0527629 0.211853 0.0282574 0.0979632 0.210312
0 0.350399 0.149047 0.0260234 0.10838 0.162429
0 0.142385 0.932357 0.0349092 0.0733572 0.157446
0 0.326081 0.966976 0.0267531 0.0660482 0.153342
0 0.0321479 0.87029 0.0489325 0.0959506 0.152594
0 0.761975 0.624926 0.0247545 0.0974705 0.131532
0 0.629069 0.187312 0.0234926 0.105488 0.124838
0 0.559213 0.43498 0.0281769 0.112033 0.111578
0 0.56093 0.883437 0.0399704 0.0921235 0.109845
0 0.212427 0.0480194 0.0221338 0.0960388 0.109232
0 0.744244 0.939006 0.0404912 0.108201 0.10246
30 0.562315 0.904857 0.0453141 0.0562015 0.100076
