0 0.646834 0.249936 0.0251518 0.0993596 0.599402
0 0.490974 0.058607 0.0183151 0.101494 0.535817
0 0.973681 0.177782 0.0271747 0.104516 0.506521
0 0.950379 0.120331 0.0230511 0.0956535 0.501293
0 0.646616 0.0504919 0.0201961 0.10002 0.472842
0 0.148742 0.957348 0.0372721 0.0853034 0.446518
0 0.620223 0.585503 0.02482 0.0973336 0.423232
0 0.669592 0.600193 0.0259696 0.11007 0.418006
0 0.830092 0.13012 0.0296578 0.0944951 0.399337
0 0.504497 0.223124 0.0195704 0.100696 0.398543
30 0.315821 0.499757 0.0538735 0.34211 0.396204
0 0.232294 0.0468342 0.0206941 0.0890422 0.380365
0 0.562822 0.429547 0.0232765 0.113831 0.366697
0 0.574533 0.806346 0.0224961 0.107087 0.360879
0 0.300445 0.947254 0.0401682 0.103604 0.354919
0 0.979782 0.846427 0.0401056 0.238622 0.341253
0 0.735717 0.938018 0.0414751 0.0954613 0.329781
0 0.185993 0.871382 0.0313509 0.0933171 0.313774
0 0.493748 0.838035 0.0236534 0.0855393 0.281827
0 0.810723 0.68626 0.0267413 0.105229 0.246221
0 0.708337 0.268989 0.0296732 0.126972 0.23534
0 0.618697 0.101016 0.0251738 0.0983765 0.2288
0 0.380109 0.254606 0.0385744 0.107374 0.210847
0 0.706524 0.283716 0.0273369 0.0997489 0.208098
0 0.253945 0.884563 0.0274877 0.0864501 0.197154
0 0.0621368 0.71502 0.0297803 0.0894811 0.189722
0 0.78306 0.214869 0.0438829 0.117464 0.1881
0 0.607745 0.780093 0.0264401 0.0804333 0.18419
0 0.579732 0.579988 0.0284 0.0987269 0.181991
0 0.0326103 0.74003 0.039933 0.175188 0.174532
0 0.276741 0.845517 0.0285843 0.078568 0.166444
0 0.763759 0.671542 0.0295584 0.102292 0.163038
0 0.380228 0.279973 0.040096 0.105813 0.161243
0 0.248938 0.312807 0.0272427 0.105063 0.159831
0 0.270609 0.866041 0.0407753 0.119268 0.157843
0 0.286593 0.389477 0.024918 0.110332 0.156217
0 0.0844895 0.676375 0.0258514 0.0935297 0.149824
31 0.306325 0.468854 0.0367711 0.281352 0.145643
0 0.793124 0.235217 0.0268767 0.0898622 0.14428
30 0.318981 0.564309 0.0550362 0.277023 0.141518
0 0.635183 0.0504819 0.0253283 0.100964 0.138087
0 0.165843 0.749747 0.0367403 0.105492 0.135955
0 0.0853425 0.656016 0.0255101 0.0579304 0.1357
0 0.748072 0.576391 0.0262861 0.101146 0.134998
30 0.20497 0.603269 0.0744241 0.509554 0.134238
10 0.734534 0.942922 0.0463635 0.103834 0.133067
0 0.937526 0.796814 0.0474965 0.217513 0.131988
0 0.642709 0.0496808 0.028117 0.0993615 0.131519
31 0.319761 0.479582 0.0449532 0.294052 0.129609
0 0.297779 0.0734507 0.0502862 0.139261 0.129208
0 0.890719 0.214735 0.062558 0.164576 0.127921
31 0.372426 0.388048 0.0333362 0.138994 0.12785
0 0.778526 0.202295 0.0260855 0.0908586 0.126682
0 0.888823 0.254317 0.0671959 0.117228 0.124082
0 0.302938 0.0497026 0.0414464 0.0980787 0.120806
0 0.902157 0.169728 0.0281456 0.0946731 0.118606
0 0.481062 0.320023 0.026747 0.106137 0.118304
0 0.914871 0.245039 0.0244965 0.0933615 0.117575
30 0.363292 0.578506 0.0374327 0.271296 0.115468
0 0.876325 0.248575 0.0390015 0.11403 0.115377
30 0.389389 0.570113 0.0566789 0.289807 0.115265
0 0.888905 0.199693 0.048118 0.149174 0.114556
30 0.286366 0.585864 0.0366827 0.232496 0.113419
0 0.778588 0.191983 0.020129 0.0665452 0.113294
0 0.891537 0.170137 0.0402778 0.0894709 0.11139
30 0.336873 0.596066 0.066551 0.296294 0.11133
30 0.217871 0.606135 0.0888172 0.536763 0.110418
0 0.164317 0.786584 0.0409126 0.182079 0.10968
0 0.935233 0.743383 0.0396812 0.113487 0.106836
30 0.463596 0.523498 0.0527969 0.378397 0.106492
0 0.957722 0.483336 0.0361831 0.0979441 0.106248
0 0.496713 0.582947 0.0281099 0.0857678 0.10548
30 0.335212 0.656402 0.0657969 0.410816 0.105171
30 0.196309 0.544406 0.0607975 0.413611 0.104122
0 0.992728 0.92006 0.0138344 0.0870547 0.101709
30 0.267095 0.566355 0.0614745 0.43567 0.101195
0 0.518234 0.515083 0.0301096 0.0768977 0.101094
30 0.265318 0.653059 0.06214 0.426786 0.101038
