0 0.42594 0.963543 0.0382269 0.0714879 0.530195
0 0.837246 0.953553 0.0412232 0.0928946 0.39096
0 0.155234 0.960417 0.0358484 0.077794 0.378018
0 0.501601 0.0775659 0.0374646 0.106937 0.339695
0 0.667858 0.804425 0.027355 0.125623 0.329699
0 0.585192 0.857816 0.0336342 0.0849645 0.322881
0 0.0489196 0.873478 0.0300619 0.098976 0.311895
0 0.749956 0.197608 0.032563 0.094232 0.302329
0 0.834773 0.195494 0.0269588 0.103953 0.276058
0 0.578891 0.292047 0.032679 0.095731 0.276008
0 0.630109 0.674023 0.0274882 0.101796 0.268806
30 0.462996 0.603595 0.0698944 0.543423 0.242102
0 0.274792 0.316927 0.0274666 0.11335 0.230718
0 0.710921 0.175904 0.0303389 0.118956 0.229823
30 0.382471 0.668873 0.0824966 0.415416 0.224206
0 0.729083 0.847781 0.0215983 0.0950869 0.223572
0 0.618013 0.222543 0.0176607 0.0951044 0.218119
0 0.737106 0.440701 0.0254322 0.109127 0.215778
0 0.215978 0.291719 0.0240819 0.108842 0.211016
0 0.152464 0.289609 0.0231154 0.0836584 0.201903
30 0.431539 0.603841 0.0618511 0.543285 0.196494
0 0.484664 0.306302 0.0246217 0.0906402 0.188701
30 0.480777 0.603303 0.0597352 0.545441 0.183883
30 0.499476 0.607491 0.0715704 0.556567 0.182366
0 0.710952 0.159729 0.0283768 0.0873119 0.17887
0 0.262231 0.817149 0.0260246 0.100491 0.178188
0 0.899073 0.279796 0.0309232 0.100552 0.175529
0 0.234926 0.168539 0.0299729 0.0928972 0.164423
0 0.345091 0.117572 0.0230386 0.103155 0.164
0 0.791185 0.110949 0.0273819 0.0883536 0.157659
0 0.703618 0.901419 0.0273147 0.0818033 0.139889
0 0.964148 0.832458 0.0339713 0.125531 0.139499
0 0.115691 0.874115 0.0372159 0.1108 0.135439
0 0.78393 0.223102 0.0261571 0.0723392 0.133476
0 0.936987 0.222087 0.0307396 0.0868297 0.131662
0 0.402903 0.370531 0.0318248 0.119096 0.125931
0 0.130011 0.831578 0.0306404 0.0827691 0.125546
3 0.501844 0.105815 0.0354912 0.071835 0.124573
0 0.127967 0.6677 0.0372199 0.114794 0.123812
30 0.350656 0.567259 0.0623686 0.452552 0.122375
30 0.347417 0.645478 0.0554532 0.26899 0.121378
0 0.580346 0.276978 0.0355988 0.117414 0.11523
30 0.474351 0.502053 0.0560028 0.337862 0.113897
0 0.364868 0.180362 0.0190812 0.0657467 0.109335
0 0.968923 0.308397 0.0354412 0.0613206 0.105631
0 0.538117 0.628503 0.0247688 0.122682 0.104227
0 0.358806 0.34393 0.0308961 0.156254 0.103238
0 0.785783 0.235287 0.0317577 0.088888 0.100519
