0 0.684406 0.962277 0.0439947 0.075446 0.528296
30 0.525857 0.610597 0.0538676 0.570445 0.404998
0 0.842644 0.811802 0.0316898 0.129598 0.381662
0 0.737406 0.277635 0.0239116 0.105511 0.362174
0 0.738294 0.955571 0.0479572 0.0885437 0.315013
0 0.925981 0.629467 0.0262772 0.098156 0.293083
0 0.64352 0.22889 0.0252675 0.0889808 0.286492
0 0.935714 0.969296 0.0287834 0.0614075 0.270796
0 0.210923 0.819356 0.0303244 0.1016 0.260587
0 0.386915 0.100536 0.0299439 0.104612 0.25813
0 0.758408 0.791152 0.0379608 0.1319 0.23278
0 0.766083 0.315087 0.023727 0.0953236 0.199374
0 0.693556 0.281675 0.0257939 0.078271 0.19433
30 0.470066 0.570568 0.0716054 0.554448 0.17485
0 0.156502 0.963643 0.0493672 0.0727145 0.155953
0 0.796505 0.444808 0.0278162 0.108503 0.148904
0 0.618986 0.739085 0.024795 0.085546 0.145041
0 0.170755 0.87946 0.0344857 0.126519 0.143346
0 0.413102 0.255188 0.0259029 0.106197 0.140079
0 0.0165393 0.926865 0.0330171 0.142376 0.139878
0 0.545133 0.216196 0.0320311 0.0924654 0.13542
0 0.412904 0.279718 0.0256214 0.155268 0.126036
0 0.468894 0.285203 0.0389408 0.104681 0.124455
0 0.337214 0.292699 0.0297446 0.147745 0.122528
30 0.217738 0.595131 0.11907 0.525137 0.121996
0 0.982885 0.211191 0.033481 0.12838 0.121572
0 0.456305 0.860622 0.036727 0.0915237 0.120759
0 0.81452 0.686784 0.0246468 0.104629 0.110366
0 0.626289 0.84426 0.0230463 0.0849936 0.109498
0 0.610796 0.175899 0.0262774 0.104929 0.109198
0 0.0312514 0.839818 0.0475884 0.0951701 0.108115
30 0.410492 0.630873 0.0653229 0.499157 0.106089
