0 0.715116 0.423477 0.0272508 0.108218 0.437674
0 0.1668 0.249981 0.0441533 0.127263 0.433327
0 0.63668 0.253024 0.0278712 0.142469 0.413772
0 0.73819 0.518351 0.0220764 0.0816902 0.364433
0 0.173781 0.887158 0.0418933 0.0859013 0.325933
0 0.415642 0.815931 0.0415615 0.131372 0.299082
0 0.464067 0.220474 0.0269408 0.0834571 0.269459
0 0.897719 0.790372 0.0235702 0.0950283 0.26802
0 0.405015 0.194661 0.0254137 0.102461 0.263279
0 0.121049 0.819996 0.029342 0.0843054 0.254944
0 0.187446 0.789611 0.0294618 0.106967 0.249052
0 0.293399 0.27495 0.02458 0.104363 0.235436
0 0.705308 0.925001 0.024321 0.0897288 0.232726
0 0.154348 0.950744 0.0318492 0.0937285 0.228554
0 0.657997 0.439466 0.0355156 0.101169 0.225377
0 0.275989 0.32426 0.0234612 0.0841326 0.220386
0 0.85046 0.890794 0.0319626 0.103575 0.204902
0 0.0500627 0.247333 0.0364836 0.0981518 0.200274
0 0.833589 0.964762 0.0251297 0.0632025 0.194708
0 0.126491 0.982983 0.0275731 0.0340345 0.183614
0 0.0803849 0.879869 0.0405185 0.095602 0.183587
0 0.637888 0.236392 0.0253706 0.107948 0.168834
0 0.618539 0.613619 0.0324538 0.136338 0.167742
0 0.466384 0.88083 0.0307779 0.0659325 0.167332
0 0.335179 0.0585396 0.0350854 0.0969067 0.165066
0 0.270853 0.974266 0.0248646 0.0514671 0.161674
0 0.224324 0.979449 0.0239887 0.0411029 0.154459
0 0.0808324 0.878236 0.029125 0.0929294 0.154272
0 0.63503 0.269224 0.0269332 0.111988 0.153913
0 0.516161 0.84988 0.0280193 0.0938727 0.152086
0 0.735407 0.11071 0.0261114 0.0972485 0.14345
0 0.315209 0.33392 0.0187669 0.0932468 0.142191
0 0.761812 0.654512 0.0332703 0.140047 0.13418
0 0.465308 0.968907 0.0279012 0.0621869 0.129775
0 0.245396 0.0547338 0.0246636 0.0914526 0.124801
0 0.322049 0.198933 0.0481192 0.0934648 0.115931
0 0.240292 0.123879 0.0221926 0.0886923 0.115429
0 0.380768 0.969388 0.042761 0.0612243 0.112882
