0 0.598844 0.971753 0.0346663 0.0564938 0.458392
0 0.739047 0.451029 0.0236066 0.0950306 0.345932
0 0.0334604 0.969561 0.0254402 0.0608785 0.341159
0 0.0147109 0.870883 0.0294218 0.106996 0.321162
0 0.699284 0.940281 0.048342 0.103829 0.312282
0 0.200653 0.956456 0.0442253 0.0870876 0.281304
0 0.949197 0.937765 0.0393261 0.117522 0.271122
0 0.376808 0.928729 0.0547151 0.131923 0.262239
0 0.246002 0.0466539 0.0404872 0.0900359 0.248108
0 0.897262 0.777132 0.0226883 0.0913714 0.220313
0 0.789477 0.417196 0.0329586 0.105792 0.215457
0 0.540828 0.929343 0.0290734 0.0883829 0.206549
0 0.418832 0.824935 0.0252108 0.0877581 0.19595
0 0.169774 0.81669 0.0363436 0.149862 0.185373
0 0.668265 0.446837 0.0369701 0.10418 0.182588
0 0.09757 0.225959 0.0524952 0.0998973 0.175921
0 0.560505 0.983391 0.024287 0.033218 0.164825
0 0.219471 0.171789 0.0185176 0.0930339 0.154852
0 0.631038 0.715392 0.0383592 0.119357 0.147336
0 0.22718 0.806618 0.0447284 0.0839803 0.146146
0 0.0661716 0.978121 0.0312801 0.0437578 0.143844
0 0.845379 0.707013 0.0348304 0.122715 0.14263
0 0.542056 0.918376 0.025502 0.0668075 0.135643
0 0.032696 0.816116 0.0427297 0.0806912 0.130812
0 0.0912512 0.143179 0.0247991 0.0783461 0.124616
0 0.568731 0.410959 0.0277464 0.101073 0.115243
0 0.243592 0.207513 0.0230874 0.0975841 0.108359
0 0.672022 0.600181 0.0424129 0.134604 0.104576
0 0.924246 0.38152 0.0293911 0.0982971 0.103232
0 0.141467 0.211878 0.0314963 0.0901568 0.102737
0 0.021571 0.205395 0.0431421 0.0952421 0.102203
