0 0.814017 0.95634 0.0491857 0.0861858 0.528843
0 0.651102 0.814641 0.0341564 0.117349 0.525939
0 0.566578 0.858312 0.0314215 0.0910588 0.461644
0 0.155049 0.957747 0.0394837 0.0825109 0.445233
0 0.439744 0.966351 0.0382879 0.0672973 0.437582
0 0.128157 0.714593 0.0411491 0.176747 0.384371
0 0.853831 0.750375 0.0367943 0.1419 0.355371
0 0.919505 0.729552 0.0283418 0.0985994 0.345701
0 0.953909 0.320055 0.0343292 0.0959938 0.326829
30 0.500045 0.608913 0.0682633 0.563676 0.304439
0 0.224821 0.191026 0.0297029 0.104165 0.303734
30 0.33498 0.615096 0.061119 0.516902 0.299991
0 0.883501 0.287576 0.0286755 0.101007 0.260611
30 0.372167 0.633223 0.0742085 0.488076 0.237846
0 0.141907 0.313549 0.0253074 0.0794965 0.22779
0 0.0117567 0.243924 0.0235134 0.0861306 0.220482
0 0.327676 0.128902 0.0368006 0.104091 0.217991
30 0.455885 0.59501 0.0542246 0.512619 0.214608
0 0.933683 0.574285 0.0258671 0.088601 0.200097
30 0.300671 0.608419 0.09149 0.535794 0.191005
30 0.283101 0.59592 0.0767097 0.521463 0.185437
0 0.687366 0.885482 0.0286861 0.0892972 0.184498
0 0.981078 0.364966 0.0269172 0.0891716 0.18264
0 0.485496 0.0843485 0.0309631 0.112509 0.178658
0 0.378809 0.183115 0.0185975 0.0849354 0.176798
0 0.948401 0.798802 0.0236864 0.0819002 0.174349
30 0.386686 0.638147 0.0810509 0.485196 0.172323
0 0.740873 0.426051 0.0242541 0.11963 0.168432
0 0.262253 0.313912 0.0234551 0.104654 0.168336
0 0.819895 0.194474 0.0308884 0.101478 0.167586
0 0.740887 0.826852 0.0272518 0.138366 0.159537
30 0.437329 0.584097 0.0919861 0.573579 0.158805
0 0.108487 0.867734 0.0340376 0.0876478 0.155143
0 0.262787 0.030436 0.0320283 0.060872 0.153182
0 0.113554 0.845303 0.0424041 0.135856 0.149551
0 0.73556 0.202131 0.0226359 0.086796 0.143404
0 0.74169 0.848007 0.0241755 0.0979078 0.141127
0 0.0705656 0.893095 0.0400622 0.105842 0.13983
0 0.599796 0.22445 0.023925 0.0856624 0.139827
30 0.351592 0.632772 0.0798496 0.492841 0.11112
0 0.948057 0.821616 0.0259064 0.130359 0.109639
30 0.511558 0.62404 0.05401 0.55838 0.107824
0 0.697252 0.163637 0.026528 0.0877129 0.104333
30 0.319369 0.605547 0.0567144 0.542357 0.100446
