0 0.0606778 0.942064 0.0359921 0.115872 0.504444
0 0.626437 0.808661 0.0350895 0.0902616 0.476969
0 0.0194286 0.78701 0.0382836 0.110543 0.455745
0 0.450557 0.0412458 0.023339 0.0824917 0.408824
0 0.133126 0.798302 0.0454165 0.0941628 0.387026
0 0.399255 0.960286 0.0392109 0.0794277 0.382381
30 0.336572 0.561357 0.0621768 0.49836 0.366243
0 0.238659 0.783428 0.0336018 0.107311 0.284433
0 0.919808 0.783043 0.0290863 0.129673 0.26773
30 0.368525 0.590945 0.10916 0.501314 0.26596
0 0.406132 0.843422 0.0230074 0.0573299 0.247975
30 0.305625 0.565875 0.09626 0.539368 0.24065
9 0.237431 0.0274846 0.0291108 0.0549693 0.207618
0 0.378737 0.0436352 0.0221021 0.0872703 0.202916
0 0.63728 0.553844 0.0248368 0.0972219 0.193718
0 0.584393 0.88134 0.0300603 0.0901789 0.191405
30 0.287037 0.565577 0.0857835 0.515111 0.181506
0 0.576722 0.958464 0.0280741 0.0808932 0.178491
0 0.784938 0.720673 0.0259464 0.103395 0.177358
0 0.366929 0.26816 0.0329508 0.112595 0.175316
0 0.156005 0.922226 0.0354881 0.104135 0.170446
0 0.470841 0.863491 0.0297501 0.0753493 0.162047
0 0.660741 0.90897 0.0296474 0.0616446 0.158206
0 0.527651 0.872089 0.0293489 0.101284 0.15624
0 0.405549 0.850427 0.0264923 0.0728745 0.155656
0 0.574604 0.770397 0.0323667 0.144555 0.155163
0 0.957276 0.563221 0.0367348 0.0929577 0.143602
30 0.401119 0.547653 0.0553255 0.401912 0.142468
0 0.745709 0.201298 0.0267218 0.0940723 0.139507
0 0.529357 0.853131 0.0312284 0.130253 0.134512
0 0.772991 0.948071 0.0303529 0.103857 0.124132
0 0.587742 0.879225 0.0234698 0.0799349 0.117749
0 0.946851 0.0803323 0.0324093 0.087713 0.117309
0 0.713125 0.941704 0.0218561 0.0547735 0.117295
0 0.948586 0.404051 0.0338108 0.132487 0.116727
0 0.188023 0.277485 0.0339182 0.107566 0.114082
30 0.162939 0.497515 0.0834077 0.380623 0.112592
30 0.280777 0.493268 0.0779271 0.385473 0.11065
0 0.582494 0.899638 0.0345808 0.128109 0.109414
0 0.0884519 0.218952 0.0313705 0.100799 0.107063
30 0.304319 0.512012 0.0599187 0.423095 0.106856
30 0.0420326 0.538245 0.0840652 0.477045 0.106649
0 0.947654 0.461103 0.0345161 0.25042 0.105663
0 0.0578526 0.974833 0.0279761 0.0503339 0.102979
