0 0.402106 0.967726 0.0340504 0.0645474 0.501198
0 0.155262 0.973093 0.0384459 0.0538144 0.47888
0 0.599048 0.210467 0.0271389 0.0892845 0.463279
0 0.590603 0.949695 0.0409761 0.099307 0.421445
0 0.0300093 0.943501 0.0361499 0.112997 0.395205
0 0.636661 0.973495 0.0222468 0.0530098 0.315534
0 0.180718 0.184812 0.0208998 0.0917682 0.251772
0 0.649685 0.925178 0.0230505 0.100338 0.204994
0 0.338474 0.153175 0.0286431 0.103244 0.198567
0 0.377266 0.834476 0.0303018 0.131741 0.194443
0 0.0567123 0.220488 0.0408992 0.106988 0.192087
0 0.0715098 0.182651 0.0213375 0.0754352 0.188369
0 0.00893742 0.973539 0.0177847 0.0529222 0.183506
0 0.791225 0.714815 0.0468289 0.109356 0.177689
0 0.0107937 0.676032 0.0215291 0.126104 0.164167
0 0.881789 0.697274 0.0317252 0.120275 0.163332
0 0.239151 0.309415 0.0242698 0.083055 0.161665
0 0.183065 0.806026 0.0378376 0.0906068 0.15939
0 0.572946 0.953527 0.0739894 0.0929466 0.153912
0 0.78056 0.714485 0.0265818 0.0928753 0.151222
0 0.650207 0.90891 0.0230524 0.0666254 0.151181
0 0.507604 0.265368 0.0288095 0.149046 0.145734
0 0.562187 0.510781 0.0249657 0.118898 0.143436
0 0.208598 0.206217 0.0251031 0.0957995 0.142766
0 0.230816 0.846504 0.0238354 0.0655013 0.140881
0 0.0816237 0.787673 0.0240693 0.102636 0.140042
0 0.505656 0.287733 0.0266861 0.101005 0.13489
0 0.289213 0.201165 0.0265915 0.107026 0.12084
0 0.797677 0.717179 0.0329378 0.112805 0.116215
0 0.89795 0.766838 0.0224877 0.0855376 0.109312
0 0.354472 0.508491 0.0447282 0.217695 0.109232
0 0.177125 0.805224 0.0277153 0.0910943 0.107481
0 0.644863 0.972753 0.0231699 0.0544931 0.106118
