0 0.683867 0.215526 0.0302735 0.0943076 0.571172
0 0.721605 0.973178 0.0318823 0.0536436 0.535105
0 0.197044 0.783552 0.0435493 0.12459 0.478053
0 0.363082 0.0908961 0.0247585 0.111351 0.45853
0 0.13454 0.913112 0.0265401 0.0804993 0.429296
0 0.901261 0.0880154 0.0342125 0.0891022 0.425841
0 0.568094 0.795527 0.0332003 0.0864951 0.414095
0 0.611239 0.784077 0.0250466 0.106659 0.406366
0 0.506807 0.0387688 0.0301808 0.0775375 0.391836
0 0.656526 0.954857 0.0292656 0.0895557 0.351129
0 0.0911369 0.797177 0.0471466 0.0943708 0.3401
0 0.959095 0.678586 0.0370342 0.118801 0.336274
0 0.761637 0.858377 0.0315355 0.0950226 0.326036
0 0.504974 0.962675 0.0216591 0.0746509 0.316564
0 0.786799 0.848892 0.0297091 0.109721 0.315363
0 0.90183 0.768293 0.0244698 0.0882531 0.289571
0 0.841609 0.487375 0.0361019 0.0991133 0.279141
0 0.542987 0.900857 0.0202525 0.0613381 0.273418
0 0.131603 0.0456658 0.0409705 0.0874399 0.268533
0 0.911347 0.539342 0.0217642 0.0898946 0.236125
0 0.333926 0.959994 0.0389543 0.0800121 0.233106
0 0.0598599 0.97732 0.0373181 0.0453601 0.200437
0 0.145484 0.218204 0.0397915 0.0976838 0.181182
0 0.896639 0.407935 0.0320216 0.11864 0.176085
0 0.376089 0.75673 0.024783 0.100272 0.173262
0 0.406735 0.86258 0.036516 0.0771298 0.171782
0 0.899458 0.779614 0.0286808 0.111575 0.167056
0 0.330751 0.839089 0.0197852 0.0681519 0.158188
30 0.204196 0.495483 0.0967887 0.393342 0.154039
0 0.730692 0.781652 0.0373314 0.0985289 0.148972
30 0.224073 0.503647 0.0545396 0.403292 0.147193
0 0.118559 0.773657 0.0405136 0.121669 0.144808
0 0.787579 0.821357 0.0277126 0.0544348 0.144025
0 0.297144 0.785792 0.0285912 0.0896199 0.143709
9 0.29946 0.0216101 0.0416178 0.0430591 0.139548
30 0.26949 0.490742 0.0623606 0.371894 0.12995
0 0.22543 0.194912 0.0263014 0.0967565 0.124489
0 0.140633 0.577112 0.0231522 0.090638 0.122165
0 0.238882 0.285564 0.0329193 0.0998749 0.11782
0 0.0113743 0.759457 0.02273 0.0957862 0.117434
0 0.245972 0.886128 0.0301599 0.0874569 0.116436
0 0.558893 0.396751 0.0253626 0.101026 0.116181
0 0.95821 0.731176 0.0379371 0.227382 0.111895
0 0.625861 0.613723 0.023745 0.0664289 0.109405
0 0.78128 0.581411 0.0379024 0.103575 0.105033
0 0.259471 0.580346 0.0319693 0.137352 0.103987
0 0.13395 0.631969 0.028887 0.0850415 0.102273
