0 0.823797 0.965053 0.0263813 0.0698948 0.523781
0 0.859102 0.894391 0.0287714 0.101061 0.352317
0 0.11761 0.981266 0.0286306 0.0374686 0.329641
0 0.69477 0.924386 0.0435477 0.0901304 0.326991
0 0.158513 0.24622 0.0394961 0.124982 0.322623
0 0.898219 0.784297 0.0211014 0.0860009 0.316296
0 0.324184 0.0592737 0.0272681 0.109946 0.308155
0 0.155098 0.954218 0.0305958 0.0896249 0.256119
0 0.27536 0.973811 0.0275997 0.0523772 0.247912
0 0.174164 0.885587 0.0466681 0.0905638 0.217076
0 0.220206 0.984769 0.0231046 0.0304619 0.214696
0 0.897519 0.798712 0.0247707 0.117306 0.204971
0 0.664258 0.437326 0.0274328 0.0930183 0.202114
0 0.765575 0.74239 0.0285427 0.0886395 0.192081
0 0.634204 0.2192 0.0206076 0.0798037 0.184883
0 0.311437 0.191468 0.0465365 0.109561 0.179846
0 0.510543 0.848752 0.0254349 0.0920825 0.17385
0 0.543486 0.284869 0.0316282 0.0917322 0.169198
30 0.158214 0.600031 0.0779156 0.529078 0.165463
0 0.525939 0.98437 0.0254822 0.0312608 0.150612
0 0.21643 0.825336 0.0264499 0.0742456 0.150581
0 0.238085 0.0687418 0.0304709 0.0993414 0.145762
0 0.469795 0.219427 0.0320204 0.0826257 0.138035
0 0.107155 0.825863 0.0296485 0.0984805 0.137964
0 0.0733252 0.879201 0.0339582 0.0852107 0.133284
30 0.107108 0.577539 0.0811011 0.354764 0.132324
30 0.203386 0.447013 0.0654147 0.262749 0.129009
30 0.0872457 0.594915 0.119072 0.393356 0.128473
0 0.312115 0.174224 0.0378691 0.135196 0.127929
0 0.364318 0.96787 0.0238337 0.0601177 0.125508
0 0.74249 0.0930607 0.0180031 0.0682333 0.121463
0 0.590655 0.792447 0.0276218 0.0914019 0.120732
0 0.548236 0.973462 0.0332003 0.0530752 0.10538
0 0.112398 0.841489 0.0484373 0.128435 0.103689
