0 0.241048 0.952287 0.0305961 0.0954252 0.558732
0 0.420215 0.0907413 0.03279 0.104729 0.496683
0 0.662176 0.910517 0.0353773 0.10143 0.496067
0 0.692077 0.0562846 0.0191919 0.0956311 0.494483
0 0.647836 0.824658 0.0217094 0.0964346 0.473403
0 0.981874 0.241593 0.0326951 0.106218 0.45093
0 0.872454 0.114307 0.024374 0.0920891 0.449819
0 0.682418 0.83359 0.025102 0.110278 0.443312
0 0.796344 0.972794 0.0303547 0.0544111 0.436152
0 0.349593 0.972289 0.0215056 0.0554212 0.376239
0 0.701116 0.673273 0.0240979 0.0984797 0.368477
0 0.934169 0.923873 0.04293 0.084257 0.347699
0 0.148451 0.954823 0.0349118 0.0903544 0.345564
0 0.574089 0.0503034 0.0334175 0.100607 0.340218
0 0.823253 0.183534 0.0253441 0.0859465 0.334726
0 0.776717 0.168684 0.0337335 0.134918 0.292169
0 0.359931 0.96951 0.0402531 0.060979 0.288978
30 0.455397 0.601306 0.0708779 0.545246 0.266503
0 0.379107 0.40968 0.019815 0.0928181 0.264173
0 0.573623 0.282754 0.027902 0.103588 0.250752
0 0.81707 0.708409 0.0375472 0.0996137 0.242197
0 0.197498 0.15834 0.0247151 0.0939981 0.240446
0 0.0999169 0.183174 0.0247319 0.0889018 0.236383
0 0.918221 0.301679 0.0265053 0.0912903 0.235527
0 0.366555 0.969664 0.0315192 0.0606721 0.206504
0 0.187187 0.885684 0.0400375 0.0830302 0.205243
0 0.70065 0.209914 0.0171736 0.0861989 0.20395
0 0.301411 0.255871 0.0242717 0.103446 0.192372
0 0.908555 0.188864 0.032005 0.105595 0.186812
0 0.365245 0.958382 0.0346359 0.0822561 0.185101
0 0.671175 0.346367 0.0208511 0.0855152 0.181806
0 0.653931 0.242601 0.0201721 0.0712154 0.177419
0 0.578426 0.53715 0.0291866 0.0969814 0.175136
0 0.649699 0.273647 0.0278749 0.131469 0.16834
0 0.937814 0.568506 0.028944 0.0989443 0.162802
30 0.436806 0.596149 0.0817259 0.530773 0.16101
0 0.74233 0.736075 0.0349756 0.113488 0.158457
0 0.328674 0.314085 0.0251812 0.110114 0.157036
30 0.479452 0.601901 0.060117 0.544896 0.14882
0 0.480861 0.320893 0.0217935 0.0991668 0.145118
0 0.932244 0.937818 0.0443644 0.107642 0.141585
0 0.674956 0.830153 0.0273089 0.0966456 0.13876
0 0.84902 0.205519 0.0201865 0.0636659 0.138306
0 0.188983 0.0331761 0.0405284 0.0663522 0.129923
0 0.42904 0.582101 0.0339182 0.0921115 0.129687
0 0.873104 0.715012 0.0334283 0.101663 0.124248
0 0.097569 0.886841 0.0325675 0.0970654 0.120554
0 0.2084 0.84436 0.0345028 0.0745548 0.115128
0 0.647894 0.283221 0.0270235 0.0898852 0.114881
0 0.553697 0.984424 0.0201227 0.0311525 0.114874
0 0.607461 0.613429 0.0288856 0.118588 0.114314
0 0.282423 0.0943287 0.0297745 0.109463 0.112716
0 0.390805 0.672396 0.0212388 0.095723 0.110723
0 0.361354 0.953001 0.04411 0.0939971 0.106528
0 0.365799 0.944943 0.0314819 0.0646608 0.106474
0 0.418871 0.319528 0.0353474 0.118749 0.106167
0 0.622045 0.428959 0.0226671 0.104973 0.101861
0 0.682365 0.521207 0.0250669 0.105418 0.100751
