0 0.53482 0.953759 0.0569757 0.0924812 0.59608
0 0.75234 0.94361 0.0505715 0.112779 0.397584
0 0.909941 0.796534 0.0422485 0.0917441 0.396837
0 0.849343 0.574274 0.0275719 0.130127 0.339654
0 0.258461 0.189012 0.043329 0.152091 0.311583
0 0.632371 0.161732 0.0208272 0.0988745 0.311075
30 0.0471031 0.614412 0.0942062 0.499569 0.309578
0 0.822519 0.747867 0.0365135 0.108293 0.307695
0 0.310216 0.867243 0.0384497 0.112075 0.286592
0 0.629648 0.817393 0.0349717 0.136475 0.283805
0 0.682111 0.673098 0.0387686 0.117305 0.265438
0 0.77703 0.625092 0.0256556 0.0981268 0.264272
0 0.0786489 0.88967 0.0407012 0.107495 0.26221
0 0.732472 0.295195 0.033197 0.0942306 0.242118
0 0.0124874 0.867573 0.0249238 0.0957717 0.221945
30 0.341367 0.608461 0.0487338 0.421806 0.215948
0 0.770748 0.625866 0.0382532 0.099111 0.199774
0 0.306887 0.901156 0.0483473 0.176383 0.196425
30 0.432724 0.596259 0.0684941 0.541189 0.183417
30 0.352344 0.622029 0.0695026 0.451013 0.182037
0 0.387186 0.795918 0.0429368 0.165592 0.176951
0 0.464888 0.861242 0.0278665 0.0810702 0.172428
30 0.452035 0.657816 0.0597454 0.41804 0.171122
0 0.760303 0.943335 0.0352367 0.112789 0.166241
0 0.851215 0.598842 0.0292302 0.173628 0.165861
0 0.351495 0.154058 0.0227418 0.105436 0.160626
0 0.503481 0.194474 0.0328217 0.0947914 0.155263
0 0.536964 0.0558398 0.0261821 0.105857 0.130764
0 0.0691238 0.211696 0.0311596 0.0946126 0.130447
0 0.657568 0.60123 0.024433 0.0909559 0.126612
30 0.412938 0.544188 0.0490284 0.421888 0.122475
30 0.14958 0.596021 0.0498228 0.303997 0.118891
0 0.847726 0.239122 0.0231344 0.113319 0.116918
0 0.375495 0.161969 0.0249225 0.0999337 0.112198
0 0.312783 0.968933 0.0284699 0.0621335 0.106118
0 0.390372 0.821685 0.035238 0.113559 0.105114
0 0.0119567 0.537487 0.0238313 0.210728 0.103856
