0 0.173974 0.249872 0.0458075 0.124157 0.470031
0 0.125109 0.813943 0.0321423 0.0856023 0.340136
0 0.609998 0.799075 0.0255079 0.106127 0.280577
0 0.3888 0.964584 0.0278265 0.0708318 0.271647
0 0.0752579 0.867877 0.0514016 0.121676 0.257944
0 0.716675 0.931181 0.0261526 0.0886191 0.231277
0 0.84057 0.916576 0.0411328 0.166779 0.219014
0 0.0549578 0.239712 0.0317468 0.113468 0.198348
0 0.0728816 0.242006 0.0665828 0.124011 0.191514
0 0.532378 0.856639 0.0377609 0.0894485 0.186796
0 0.748671 0.736658 0.0325211 0.10915 0.186652
0 0.844427 0.96937 0.0305713 0.0612598 0.178375
0 0.130831 0.66828 0.0342414 0.108715 0.163518
0 0.264518 0.974989 0.0256049 0.0500216 0.147019
0 0.253432 0.0619779 0.0342957 0.118874 0.13836
0 0.34388 0.0654297 0.0325188 0.105728 0.126224
0 0.651688 0.439247 0.0266636 0.0927958 0.119178
0 0.0674179 0.864208 0.0362389 0.118884 0.11628
0 0.897718 0.789994 0.022625 0.0902786 0.115682
0 0.777543 0.624611 0.0203529 0.0949113 0.113511
0 0.254367 0.0472892 0.030158 0.084268 0.109219
0 0.33017 0.180676 0.02898 0.123008 0.106892
3 0.25158 0.112574 0.0343456 0.107443 0.103816
0 0.880725 0.555064 0.0346261 0.0968932 0.103257
0 0.651909 0.252866 0.0376919 0.137979 0.101203
