0 0.849929 0.957106 0.0472744 0.0857885 0.532512
0 0.913705 0.211134 0.0408471 0.145487 0.532067
0 0.699392 0.809969 0.0291355 0.137615 0.477126
0 0.615284 0.957885 0.0457478 0.0842294 0.414257
0 0.151953 0.959415 0.0433028 0.0811691 0.358111
0 0.909234 0.827817 0.0291146 0.0995582 0.353865
0 0.906785 0.81023 0.0291397 0.133673 0.311936
0 0.48731 0.444645 0.0318573 0.120248 0.284553
0 0.588922 0.254141 0.02314 0.091988 0.254931
0 0.757694 0.189134 0.0255036 0.102697 0.232562
0 0.387675 0.86556 0.0376295 0.0981335 0.229357
0 0.233853 0.917009 0.0429323 0.159609 0.229215
0 0.666095 0.926026 0.0457289 0.0893798 0.229115
0 0.849377 0.436953 0.0283921 0.137514 0.214688
0 0.855601 0.62327 0.022726 0.102649 0.213443
0 0.659368 0.0617295 0.0205001 0.100809 0.200895
0 0.898901 0.806097 0.0364277 0.133369 0.176862
0 0.343913 0.223439 0.0219908 0.104788 0.175873
30 0.374396 0.636493 0.0569651 0.435018 0.15222
0 0.59961 0.0718978 0.0270614 0.143796 0.139495
0 0.370972 0.224069 0.0235932 0.107757 0.128023
0 0.891019 0.799574 0.0226511 0.109948 0.118701
30 0.519694 0.683092 0.0369802 0.400964 0.113186
0 0.623008 0.576778 0.0250462 0.0701581 0.108739
0 0.914422 0.233066 0.0354536 0.106452 0.107298
0 0.378747 0.871599 0.061621 0.104613 0.106683
0 0.216228 0.317728 0.0297455 0.107528 0.105485
0 0.66355 0.592334 0.0271711 0.0978739 0.105219
30 0.3766 0.899414 0.0625466 0.0667647 0.103969
0 0.221211 0.534787 0.0319576 0.114531 0.102113
0 0.561014 0.181975 0.0242932 0.0936081 0.101191
