0 0.110171 0.228191 0.0426766 0.125099 0.489425
0 0.261564 0.0498742 0.0267861 0.0984406 0.361855
0 0.734301 0.946874 0.0497721 0.10467 0.330232
0 0.897262 0.779243 0.0224377 0.0942641 0.321678
0 0.0782339 0.959686 0.0331662 0.0806284 0.314691
0 0.581793 0.975769 0.0325586 0.0484625 0.31004
0 0.010965 0.844668 0.0219186 0.102749 0.291552
0 0.310471 0.203881 0.0255161 0.106782 0.282721
0 0.0380889 0.198887 0.0311069 0.101693 0.239847
0 0.0523464 0.970003 0.0257751 0.0599942 0.238835
0 0.893254 0.389751 0.0480331 0.118374 0.225178
0 0.532192 0.212247 0.0343089 0.0843799 0.223687
0 0.251969 0.8349 0.0391556 0.140765 0.210017
0 0.241925 0.164542 0.0168511 0.0865418 0.204279
0 0.0511788 0.826616 0.0429465 0.0958592 0.187754
0 0.263123 0.198425 0.0231 0.0986247 0.181387
0 0.565212 0.281106 0.0245752 0.102198 0.177423
0 0.568266 0.260187 0.0295409 0.141512 0.170448
0 0.343323 0.19869 0.0281374 0.105301 0.169173
0 0.738998 0.936998 0.0340343 0.0860965 0.165832
0 0.897741 0.79348 0.0250125 0.121937 0.163763
0 0.0180059 0.252534 0.0360118 0.099348 0.147465
0 0.33428 0.974477 0.0267654 0.0510455 0.1458
0 0.825138 0.729991 0.0280769 0.0977804 0.138917
0 0.206116 0.953134 0.0719674 0.0937325 0.138909
0 0.73734 0.926626 0.031226 0.0667009 0.130253
0 0.625172 0.0303816 0.0310297 0.0607633 0.122668
0 0.180619 0.116187 0.0225847 0.0897569 0.117386
0 0.489194 0.29044 0.0350366 0.0926889 0.116511
0 0.024571 0.400678 0.033773 0.108594 0.11642
0 0.0349904 0.184731 0.0248063 0.0729304 0.113338
0 0.187774 0.951773 0.0360741 0.0964535 0.108229
0 0.774281 0.41077 0.0245665 0.106593 0.107364
0 0.614566 0.589738 0.0190296 0.107455 0.10168
