0 0.719116 0.960912 0.0416492 0.0781758 0.455888
0 0.853929 0.232354 0.0340405 0.0903741 0.412429
0 0.784009 0.78681 0.0286326 0.147442 0.389622
0 0.821987 0.830489 0.0261225 0.102382 0.388766
0 0.796219 0.311079 0.0232088 0.103778 0.378811
0 0.87731 0.316915 0.0353989 0.0974658 0.37256
0 0.521081 0.331419 0.0187435 0.082713 0.321707
0 0.743094 0.185908 0.0300161 0.0954234 0.317
0 0.567214 0.85496 0.0403906 0.10422 0.312545
0 0.493513 0.86661 0.05888 0.101312 0.30945
0 0.768293 0.961808 0.0350916 0.0763841 0.29542
0 0.837041 0.62491 0.0321724 0.155406 0.288894
30 0.493166 0.58993 0.0546615 0.538922 0.26466
30 0.365792 0.507358 0.0491427 0.328807 0.211503
30 0.231645 0.498149 0.068727 0.329948 0.204563
0 0.507591 0.980694 0.0327691 0.0386123 0.172482
0 0.664788 0.217444 0.0253473 0.0873013 0.170528
30 0.42414 0.620931 0.0740566 0.455069 0.169173
0 0.57907 0.336422 0.0294931 0.0904482 0.15595
0 0.157195 0.966386 0.042219 0.0672282 0.155406
0 0.772708 0.446145 0.0242628 0.112933 0.150471
0 0.240015 0.152059 0.0331243 0.101047 0.148848
0 0.412736 0.101006 0.0340816 0.123265 0.148075
30 0.505078 0.605033 0.0564052 0.558753 0.14683
30 0.443192 0.609522 0.0543482 0.525264 0.13658
0 0.00769095 0.953439 0.0153625 0.0931222 0.135693
30 0.243923 0.673227 0.058275 0.399773 0.135275
30 0.407576 0.599859 0.0674696 0.423095 0.135157
0 0.280855 0.317494 0.0299333 0.110045 0.132864
0 0.631956 0.168111 0.0254215 0.0820466 0.132135
0 0.821064 0.0913394 0.0225462 0.0834721 0.129961
30 0.234656 0.568942 0.069305 0.472682 0.12722
0 0.65519 0.59972 0.0319195 0.0964502 0.117721
30 0.303145 0.536856 0.0599127 0.412229 0.113104
0 0.4101 0.288435 0.0292483 0.131459 0.110572
0 0.0575692 0.665175 0.0270416 0.0876555 0.10761
0 0.704151 0.798667 0.0399752 0.124053 0.106951
0 0.147783 0.885934 0.0335198 0.160406 0.106385
0 0.155188 0.902008 0.045754 0.192781 0.104711
30 0.257245 0.641632 0.0681693 0.282466 0.104567
0 0.186377 0.278478 0.0334621 0.102413 0.104013
0 0.332641 0.320925 0.0252147 0.155365 0.103047
30 0.367237 0.414347 0.042005 0.331786 0.101819
0 0.112135 0.781014 0.063048 0.182934 0.101013
