30 0.319411 0.603907 0.0780316 0.514379 0.513998
0 0.673111 0.85499 0.0270043 0.0951292 0.48544
0 0.545296 0.855449 0.0398974 0.0847466 0.476978
0 0.626688 0.823013 0.0351418 0.104988 0.418657
30 0.457851 0.570787 0.0630501 0.47153 0.37772
0 0.788492 0.956744 0.0422015 0.0865123 0.325544
0 0.0860453 0.882093 0.0403293 0.130887 0.325511
0 0.716332 0.825006 0.0326853 0.0975646 0.243285
0 0.155953 0.957939 0.041165 0.0811132 0.241949
0 0.396484 0.17989 0.0293647 0.0864552 0.231549
0 0.46425 0.0821609 0.0306023 0.104206 0.221399
0 0.458949 0.967697 0.0310888 0.0596188 0.218579
0 0.862076 0.294317 0.0227867 0.101378 0.207292
0 0.835072 0.755871 0.0339092 0.133716 0.206444
30 0.177484 0.65101 0.0819997 0.43729 0.19429
30 0.271891 0.651342 0.0580959 0.430472 0.193581
30 0.36349 0.618963 0.0538821 0.406899 0.193569
30 0.473053 0.592433 0.069624 0.517106 0.193071
0 0.932629 0.323089 0.0356424 0.103937 0.17995
0 0.901166 0.223282 0.0302929 0.0838066 0.171451
0 0.176359 0.29327 0.0250249 0.0948628 0.162319
30 0.396306 0.637921 0.0807276 0.464855 0.159492
0 0.129559 0.71255 0.0432299 0.140993 0.157441
0 0.750719 0.103991 0.0185125 0.0925485 0.149345
0 0.680677 0.160484 0.0251507 0.0797336 0.140145
0 0.54359 0.281901 0.0303579 0.108155 0.135701
0 0.73937 0.392853 0.0241245 0.110347 0.135357
0 0.404948 0.321476 0.0238243 0.0945752 0.134769
30 0.945368 0.615001 0.0583374 0.528667 0.132844
30 0.334936 0.603609 0.113078 0.540648 0.125855
0 0.0982378 0.183264 0.0253787 0.0937478 0.125233
0 0.504673 0.624553 0.0231731 0.122619 0.123747
0 0.212461 0.215636 0.0305597 0.110212 0.123039
30 0.431282 0.462042 0.0427652 0.380218 0.118356
0 0.93273 0.305827 0.0345284 0.068524 0.115616
0 0.379783 0.314022 0.0213655 0.0864679 0.11463
30 0.431994 0.533792 0.0490713 0.448702 0.112706
0 0.717434 0.20123 0.0246426 0.0863783 0.110772
0 0.0284367 0.248742 0.0376741 0.090229 0.106014
0 0.679385 0.189081 0.0291451 0.136781 0.102801
0 0.246524 0.341812 0.0327539 0.150069 0.10228
3 0.156882 0.0705777 0.051296 0.0876669 0.101903
