0 0.872055 0.154117 0.0381327 0.089273 0.549586
0 0.175508 0.752274 0.025559 0.100105 0.52916
0 0.322539 0.0606504 0.0227854 0.0894638 0.496783
0 0.539145 0.962075 0.0527433 0.07585 0.484516
0 0.704242 0.968527 0.026414 0.0629465 0.392556
0 0.289385 0.875742 0.0332736 0.0950094 0.336136
0 0.211046 0.735758 0.0291401 0.0942999 0.311781
0 0.0483225 0.216541 0.0364705 0.102017 0.311299
0 0.610151 0.84287 0.0324533 0.085453 0.30564
0 0.173073 0.243651 0.0358026 0.165433 0.290323
0 0.899236 0.971284 0.0282593 0.0574326 0.287624
0 0.765306 0.803467 0.0248758 0.0839621 0.284104
0 0.219501 0.303978 0.0241096 0.109759 0.243732
0 0.191956 0.527506 0.0257662 0.0942705 0.237378
0 0.232084 0.295664 0.0259235 0.128005 0.214149
0 0.567627 0.871012 0.0241557 0.0714277 0.202983
0 0.103441 0.733324 0.0463225 0.17416 0.201149
0 0.0951785 0.78147 0.0256569 0.105145 0.199673
0 0.172833 0.227971 0.0315847 0.128823 0.193777
9 0.673254 0.297615 0.0245068 0.0859652 0.191451
0 0.0784187 0.143008 0.0335024 0.0991871 0.191068
0 0.690782 0.748633 0.0310379 0.134656 0.190159
0 0.829647 0.969762 0.0277014 0.0580174 0.178674
0 0.0125316 0.804892 0.0250632 0.24534 0.169304
0 0.17771 0.767786 0.028608 0.131283 0.16254
0 0.233543 0.272951 0.0191984 0.0857364 0.157644
0 0.664961 0.899115 0.0318659 0.0943859 0.147917
0 0.224498 0.293828 0.0339578 0.125143 0.146445
0 0.173247 0.205492 0.0297132 0.0866269 0.143385
0 0.0109171 0.86863 0.0218292 0.205666 0.140162
0 0.0693521 0.313297 0.0318663 0.148511 0.139333
0 0.670917 0.884344 0.0439079 0.125356 0.131399
0 0.798979 0.937876 0.0306742 0.0802529 0.128566
30 0.326195 0.0960968 0.0329882 0.0270495 0.121552
30 0.0846705 0.555667 0.147965 0.541806 0.121338
0 0.0114968 0.807132 0.0229936 0.341245 0.11765
0 0.112034 0.733791 0.0324721 0.170002 0.117179
30 0.03674 0.599887 0.0720382 0.432293 0.116163
0 0.934954 0.55207 0.0333088 0.141206 0.107705
0 0.160668 0.405503 0.0206373 0.0810347 0.106498
30 0.0314717 0.634036 0.0615321 0.645237 0.101301
