0 0.0634679 0.942292 0.0311643 0.115415 0.528342
0 0.39706 0.96074 0.0382876 0.0785202 0.488829
0 0.62428 0.809409 0.0317619 0.087532 0.458831
0 0.89247 0.498963 0.0258365 0.0942803 0.374524
30 0.370232 0.593316 0.103153 0.507256 0.371401
0 0.919221 0.776431 0.02901 0.1174 0.341943
0 0.16553 0.906503 0.0474584 0.128829 0.325971
0 0.242256 0.784879 0.0391582 0.109079 0.27832
0 0.136018 0.802183 0.047377 0.0881207 0.273695
0 0.466768 0.870017 0.0364247 0.0891032 0.264478
0 0.556201 0.603811 0.0242569 0.0831425 0.260213
0 0.377553 0.04594 0.0247281 0.09188 0.22998
0 0.743528 0.203704 0.0257645 0.0919779 0.225429
0 0.453286 0.0421688 0.0239771 0.0843376 0.221202
30 0.307349 0.503113 0.0609301 0.40421 0.220603
0 0.585609 0.881734 0.0303768 0.0961011 0.215387
0 0.525831 0.876067 0.030039 0.0986645 0.202724
0 0.785008 0.70418 0.0273615 0.116708 0.201785
30 0.337192 0.559177 0.0630148 0.497997 0.195786
0 0.400831 0.84733 0.027916 0.0662039 0.192719
0 0.658834 0.907744 0.0281414 0.0591518 0.175465
0 0.375617 0.26404 0.0281171 0.105774 0.172334
0 0.527097 0.851681 0.032704 0.142472 0.171251
0 0.0605707 0.344986 0.0420007 0.157101 0.166862
0 0.0202221 0.780523 0.0347142 0.0978145 0.165771
0 0.0938387 0.21881 0.0387324 0.10089 0.161544
0 0.571525 0.957264 0.0254244 0.0795646 0.160375
30 0.320117 0.515884 0.0834467 0.436608 0.15878
0 0.0622715 0.968893 0.0309902 0.0622138 0.14906
30 0.160867 0.557479 0.0766881 0.492598 0.144763
0 0.780997 0.973291 0.0295921 0.0534183 0.143928
30 0.312353 0.566235 0.0730675 0.540629 0.141028
30 0.460459 0.466586 0.0397667 0.330265 0.138732
0 0.561094 0.960643 0.0472492 0.077545 0.127518
0 0.747192 0.960027 0.0305567 0.0795291 0.125458
0 0.635283 0.55145 0.0261276 0.0927592 0.120544
9 0.238216 0.026058 0.033448 0.0521161 0.117369
0 0.602223 0.674108 0.0248933 0.0890674 0.115754
0 0.299225 0.251354 0.0341716 0.161324 0.115485
31 0.166254 0.95741 0.0391111 0.0331566 0.107293
0 0.77411 0.942905 0.0321321 0.103264 0.107215
0 0.466523 0.908056 0.0319117 0.110985 0.10581
0 0.371152 0.273625 0.0363702 0.124594 0.10445
0 0.572661 0.774333 0.0348761 0.137475 0.102245
0 0.945537 0.40414 0.0363377 0.132598 0.102202
0 0.552824 0.620331 0.0340639 0.112569 0.101637
0 0.175257 0.882696 0.0329214 0.0952983 0.101432
