0 0.186433 0.784866 0.0339177 0.124123 0.558112
0 0.123282 0.93718 0.0437504 0.125639 0.471035
0 0.73273 0.972735 0.0273192 0.0545292 0.389545
0 0.92223 0.546849 0.0305988 0.0887842 0.389363
0 0.900154 0.76784 0.0270454 0.0887306 0.365513
0 0.694554 0.211679 0.0239875 0.0899416 0.333097
0 0.343394 0.963892 0.040556 0.0722167 0.332995
0 0.364514 0.0733856 0.0234178 0.100819 0.330767
0 0.479825 0.831373 0.0390201 0.178464 0.319954
0 0.845108 0.488306 0.0407242 0.100688 0.25131
0 0.360179 0.788141 0.0492175 0.156172 0.245643
0 0.131431 0.2174 0.0269647 0.0980987 0.244604
0 0.575439 0.796943 0.0264997 0.0910204 0.242924
0 0.536643 0.943043 0.0691494 0.113913 0.229491
0 0.606456 0.793457 0.0234925 0.0918136 0.212191
0 0.96946 0.677805 0.0324209 0.116883 0.206672
0 0.416636 0.863554 0.0316872 0.0815792 0.202042
0 0.603143 0.803993 0.0315662 0.112556 0.200477
0 0.529312 0.900648 0.0218231 0.0625053 0.192979
0 0.160634 0.318051 0.0292092 0.0845992 0.192408
0 0.0801743 0.794477 0.0411125 0.0928082 0.179262
0 0.662432 0.956894 0.0389352 0.0817718 0.178263
9 0.293523 0.0211971 0.033252 0.0423942 0.178126
30 0.0560119 0.631014 0.0819366 0.403418 0.172268
0 0.022149 0.651331 0.0439606 0.198608 0.160673
0 0.116793 0.0454917 0.0314574 0.0864504 0.149765
0 0.216226 0.2043 0.0279928 0.111536 0.14922
0 0.603134 0.908724 0.0285618 0.092228 0.144303
33 0.912517 0.087311 0.0224938 0.0925426 0.142691
0 0.904621 0.404888 0.0250211 0.120132 0.138039
0 0.474369 0.823439 0.032725 0.188473 0.13694
0 0.480332 0.862127 0.0364463 0.117869 0.135645
0 0.530235 0.741868 0.0232357 0.0993302 0.128323
0 0.226488 0.284891 0.0222265 0.0773985 0.126799
0 0.759702 0.881419 0.0275275 0.106576 0.125232
0 0.287674 0.788647 0.0248768 0.101226 0.124393
0 0.603433 0.890788 0.0283765 0.0555977 0.122959
0 0.050392 0.978866 0.0364916 0.0422684 0.121868
0 0.5138 0.592103 0.0214895 0.0865128 0.117545
0 0.664212 0.944533 0.0305796 0.0577535 0.115927
0 0.521428 0.960608 0.0415859 0.0787836 0.115274
0 0.31286 0.624406 0.0253363 0.086559 0.114876
0 0.486075 0.836439 0.032785 0.167238 0.107821
0 0.455332 0.473407 0.0377581 0.123726 0.10659
0 0.610477 0.419974 0.0256759 0.0959929 0.105004
0 0.0913938 0.141137 0.0234193 0.0824257 0.103999
0 0.664334 0.96795 0.0410126 0.0637311 0.102197
0 0.7387 0.772085 0.0293674 0.101572 0.100663
