0 0.867605 0.950932 0.0377643 0.097936 0.503784
0 0.253577 0.863342 0.0267176 0.103094 0.449905
0 0.701229 0.844044 0.0228858 0.114261 0.419811
0 0.512355 0.299917 0.0266706 0.100756 0.410222
0 0.653936 0.673513 0.0251442 0.101473 0.383656
0 0.405321 0.961531 0.0353033 0.0769375 0.376389
0 0.52437 0.063331 0.0394661 0.0998871 0.371535
0 0.610525 0.876784 0.0365379 0.10232 0.367519
0 0.251029 0.152038 0.0307051 0.109358 0.335565
0 0.131723 0.884893 0.0333542 0.0881119 0.300212
0 0.166935 0.25104 0.0247366 0.0944996 0.300111
0 0.153432 0.959735 0.0330658 0.0805297 0.2858
0 0.371617 0.112458 0.0245778 0.101523 0.269384
0 0.727008 0.485366 0.0240483 0.124519 0.267521
0 0.28775 0.769203 0.0337487 0.102262 0.257422
0 0.158531 0.842687 0.0340823 0.0838477 0.247284
0 0.601097 0.282641 0.0282907 0.112665 0.246419
0 0.339065 0.38444 0.0318529 0.105181 0.245149
0 0.773721 0.191721 0.0296257 0.0879007 0.239376
0 0.403479 0.97619 0.0321203 0.04762 0.21563
0 0.294722 0.318645 0.035466 0.120628 0.200181
0 0.859043 0.192974 0.0270536 0.101059 0.197702
0 0.856053 0.771579 0.0335682 0.0993661 0.187271
0 0.81685 0.108942 0.027887 0.0934484 0.187031
0 0.346623 0.191394 0.0363935 0.0851098 0.184323
0 0.242642 0.277527 0.0233967 0.102232 0.175514
0 0.644572 0.220536 0.0179483 0.092297 0.168864
0 0.00829602 0.697078 0.016592 0.0838453 0.163019
0 0.92403 0.273099 0.032985 0.107997 0.161066
0 0.136428 0.632128 0.0318844 0.109545 0.151617
0 0.380449 0.307516 0.0238363 0.0862855 0.146404
0 0.55968 0.61965 0.0277918 0.108512 0.143703
0 0.287242 0.788942 0.036423 0.142187 0.138665
0 0.361231 0.833575 0.0300985 0.0885111 0.138354
0 0.098707 0.172116 0.0230831 0.0659974 0.136268
0 0.318509 0.485318 0.0319786 0.115413 0.13546
0 0.0221592 0.848957 0.0279506 0.070051 0.132755
0 0.959399 0.749071 0.0388942 0.142219 0.130964
0 0.733562 0.886894 0.0363791 0.167574 0.129102
0 0.693898 0.760911 0.0237686 0.0770055 0.128127
0 0.0290288 0.879361 0.0396088 0.13111 0.122228
0 0.0167384 0.845861 0.0227205 0.0665603 0.119626
0 0.0999616 0.183731 0.0251536 0.0907233 0.114442
0 0.295983 0.294681 0.0296982 0.0720896 0.114181
0 0.622675 0.347174 0.0248609 0.0968613 0.11409
0 0.730398 0.17904 0.0307029 0.126762 0.109771
0 0.365269 0.833217 0.0212617 0.0869855 0.109441
3 0.52552 0.0961807 0.0350146 0.0927704 0.108392
0 0.899562 0.756668 0.0299152 0.0993086 0.106373
0 0.175589 0.442918 0.0316963 0.0916801 0.105265
