0 0.955898 0.64886 0.041285 0.0924314 0.460738
0 0.473554 0.950787 0.0455625 0.0928575 0.388168
0 0.947292 0.49751 0.0358734 0.212465 0.369382
0 0.579417 0.825898 0.0381944 0.107305 0.291464
0 0.885082 0.565535 0.030893 0.0926977 0.28382
0 0.94865 0.457168 0.0344015 0.129163 0.251671
0 0.712656 0.917584 0.0340446 0.0898949 0.237165
30 0.300598 0.553214 0.0577006 0.459534 0.2269
30 0.338764 0.595045 0.059492 0.525089 0.222326
30 0.151814 0.527526 0.0830277 0.407579 0.212369
0 0.0211089 0.821497 0.0292051 0.0924658 0.204459
0 0.900047 0.804013 0.0243842 0.105169 0.200069
0 0.146273 0.94744 0.0438915 0.10361 0.192094
0 0.354164 0.977301 0.0302684 0.0453976 0.187834
30 0.355154 0.599077 0.0619548 0.528811 0.171329
0 0.0652607 0.905797 0.0451647 0.157197 0.156224
0 0.900451 0.794453 0.0201405 0.0858969 0.142346
0 0.776925 0.752539 0.0210135 0.0940819 0.141041
0 0.597296 0.789167 0.0369001 0.179877 0.134909
9 0.807384 0.65497 0.0271103 0.0933648 0.133709
30 0.0868163 0.704784 0.0590586 0.288882 0.129054
30 0.293327 0.608012 0.0617518 0.526842 0.125038
0 0.522778 0.866032 0.0442122 0.0911099 0.122593
0 0.584164 0.816595 0.0471279 0.13265 0.120234
0 0.265466 0.24918 0.0192942 0.0942557 0.11903
0 0.096901 0.979649 0.0266015 0.0407023 0.118536
0 0.343743 0.126497 0.0234194 0.115273 0.117643
0 0.315933 0.0460636 0.0226514 0.0882925 0.113586
0 0.489153 0.295363 0.0255798 0.0853415 0.109853
0 0.707423 0.934989 0.0455275 0.122775 0.108053
0 0.198998 0.0704773 0.0233523 0.110366 0.105781
