0 0.155245 0.961162 0.0457832 0.0776758 0.514418
0 0.202913 0.170314 0.0382503 0.105955 0.320839
0 0.17133 0.960558 0.0797843 0.0788847 0.291291
30 0.447684 0.655621 0.0534714 0.479421 0.287002
0 0.375903 0.115463 0.0370033 0.115885 0.276315
0 0.857162 0.809842 0.0322464 0.124944 0.265955
0 0.967118 0.220633 0.04039 0.110567 0.262649
0 0.188 0.89261 0.0378649 0.132079 0.261514
0 0.671058 0.959442 0.037662 0.081115 0.257373
0 0.414567 0.246162 0.0261854 0.10955 0.255119
30 0.531348 0.614537 0.0502056 0.57202 0.234595
0 0.904607 0.627055 0.0413634 0.0970896 0.229534
0 0.915324 0.967869 0.0330775 0.0642612 0.226166
30 0.224635 0.597487 0.0850091 0.511687 0.218641
30 0.51445 0.624295 0.0458363 0.553832 0.215854
0 0.841958 0.308942 0.0325792 0.0974514 0.213653
0 0.703138 0.18618 0.0249773 0.103932 0.211441
0 0.797517 0.701332 0.037141 0.141802 0.204743
0 0.546228 0.329055 0.0214888 0.0943345 0.20009
0 0.0706506 0.322592 0.0259455 0.100453 0.199483
0 0.62992 0.232669 0.0243799 0.0922931 0.192661
0 0.747496 0.797053 0.0307159 0.127861 0.191132
0 0.975222 0.220309 0.02279 0.104493 0.171966
30 0.24256 0.597795 0.125197 0.54376 0.170963
30 0.276998 0.497914 0.0552342 0.331538 0.147544
30 0.488502 0.615056 0.0650683 0.544613 0.146136
0 0.368153 0.256932 0.0236379 0.0949365 0.142385
30 0.564631 0.607064 0.0375354 0.564844 0.13473
30 0.312544 0.526448 0.0740439 0.385033 0.133741
30 0.336545 0.522471 0.0590732 0.377331 0.128104
0 0.808004 0.440134 0.0196941 0.1078 0.127015
30 0.583541 0.604117 0.0575119 0.566912 0.123968
30 0.332917 0.554983 0.073166 0.44393 0.111779
0 0.722619 0.951034 0.0290107 0.0931496 0.11141
30 0.945753 0.546173 0.040411 0.429445 0.108795
0 0.680053 0.286481 0.0267602 0.0857139 0.102489
30 0.250306 0.512708 0.0981105 0.358431 0.102045
31 0.193031 0.956652 0.0467044 0.079014 0.100159
