0 0.98778 0.0490738 0.0226681 0.0960695 0.469537
0 0.824058 0.0971367 0.0346527 0.093109 0.352329
0 0.938939 0.388012 0.0347073 0.109181 0.350137
0 0.621861 0.972348 0.0285464 0.0553038 0.33781
0 0.861759 0.697958 0.0341095 0.115098 0.264666
0 0.807509 0.408995 0.0329311 0.111401 0.236727
0 0.897346 0.775666 0.0231024 0.0932809 0.229891
0 0.589067 0.421827 0.0283481 0.126448 0.227537
0 0.530632 0.266553 0.0394373 0.144474 0.213947
0 0.219126 0.0467625 0.0359151 0.090396 0.21129
0 0.17474 0.97973 0.0319074 0.0405392 0.210004
0 0.678595 0.91093 0.0206924 0.0634922 0.197742
0 0.577981 0.220818 0.0260659 0.108278 0.196472
0 0.019701 0.933186 0.0381168 0.133628 0.188584
0 0.0792892 0.217803 0.0556779 0.108453 0.171825
0 0.475468 0.745533 0.0358496 0.182331 0.152561
0 0.503295 0.603971 0.0246162 0.0791723 0.145735
0 0.012511 0.829106 0.0250221 0.111284 0.142267
0 0.296272 0.811765 0.0429105 0.167747 0.136607
0 0.578085 0.203868 0.0254656 0.0760857 0.134514
0 0.67546 0.925954 0.0315869 0.0931847 0.134269
0 0.678383 0.922366 0.0235245 0.0888194 0.128358
0 0.0192017 0.038672 0.0383076 0.0773439 0.127914
0 0.367693 0.938787 0.0767277 0.122427 0.12311
3 0.558272 0.955046 0.0473762 0.089908 0.115893
0 0.786227 0.691535 0.0292487 0.0890451 0.115448
0 0.797704 0.689234 0.0474547 0.108774 0.109824
