0 0.169501 0.250327 0.0457318 0.125143 0.448954
0 0.713731 0.420783 0.0260518 0.114113 0.408097
0 0.736268 0.51944 0.0240313 0.0833579 0.329265
0 0.232633 0.858886 0.0433521 0.12987 0.311521
0 0.383249 0.965029 0.0384405 0.0699422 0.305762
0 0.638802 0.254323 0.0308691 0.138763 0.297432
0 0.847241 0.893845 0.036964 0.109223 0.286319
0 0.225681 0.977769 0.0247058 0.0444623 0.27724
0 0.521405 0.850411 0.0289188 0.0945134 0.263588
0 0.170716 0.884513 0.0407063 0.0858434 0.260845
0 0.461605 0.221972 0.0270552 0.0888916 0.260112
0 0.658677 0.43884 0.0286104 0.0942293 0.256162
0 0.897977 0.785964 0.0215204 0.0877063 0.221958
0 0.0506271 0.234676 0.0343497 0.123727 0.215757
0 0.41685 0.817228 0.0394125 0.130183 0.197553
0 0.336421 0.0640135 0.043616 0.107845 0.195516
0 0.121256 0.817622 0.0281341 0.0787599 0.190985
0 0.18807 0.788669 0.030526 0.107123 0.187881
0 0.269467 0.974402 0.0247852 0.0511962 0.186788
0 0.70823 0.928346 0.0241616 0.0923679 0.177352
0 0.603854 0.793558 0.0187327 0.0996299 0.171497
0 0.463212 0.887412 0.032146 0.0778978 0.165601
0 0.0775694 0.881373 0.0472953 0.0954262 0.161855
0 0.636396 0.273661 0.0268712 0.102912 0.153457
0 0.292124 0.278368 0.0262022 0.105816 0.151579
0 0.407239 0.197072 0.0272467 0.108939 0.150846
0 0.897451 0.803211 0.0238454 0.120946 0.147099
0 0.692251 0.293335 0.0173895 0.0675154 0.146303
0 0.873931 0.555732 0.0251361 0.0931058 0.145503
0 0.335999 0.0613771 0.0320582 0.0985293 0.136931
0 0.355258 0.894516 0.0206592 0.0782158 0.131281
0 0.153908 0.956726 0.0313428 0.0809496 0.125223
0 0.75734 0.744361 0.0322343 0.0966804 0.11704
0 0.241271 0.120282 0.0220042 0.0875932 0.106052
30 0.526054 0.438112 0.052092 0.281322 0.105251
0 0.574867 0.448446 0.0395822 0.0951772 0.102108
0 0.605731 0.490833 0.0265882 0.135405 0.101694
