0 0.149544 0.960299 0.0405355 0.0794018 0.599181
0 0.711457 0.807004 0.0371254 0.14783 0.530801
0 0.623926 0.95896 0.0453476 0.0820796 0.425782
0 0.862856 0.956398 0.037029 0.0872048 0.410769
30 0.538431 0.611006 0.0545369 0.52192 0.33829
30 0.428133 0.59747 0.0734612 0.544583 0.334194
30 0.286419 0.601572 0.0838175 0.539362 0.326631
0 0.232821 0.960118 0.0373567 0.0731585 0.280343
0 0.598409 0.249336 0.0296457 0.0927624 0.27133
0 0.906478 0.8279 0.0230305 0.103828 0.248951
30 0.227706 0.589891 0.0727421 0.504161 0.241711
30 0.254687 0.595718 0.105958 0.524857 0.241085
30 0.191882 0.547376 0.0675591 0.425386 0.223157
30 0.566515 0.725932 0.0454941 0.322761 0.209411
0 0.886271 0.814782 0.026358 0.124627 0.185217
0 0.865913 0.623244 0.0324582 0.0995662 0.176223
30 0.337675 0.583386 0.0549734 0.440983 0.175751
30 0.558285 0.603556 0.057527 0.55708 0.168317
0 0.781501 0.550421 0.0203905 0.0949844 0.163222
0 0.948385 0.632097 0.0354039 0.089558 0.16191
0 0.761416 0.690801 0.0296203 0.123871 0.158962
0 0.896163 0.822738 0.0449043 0.118314 0.152171
0 0.906158 0.802737 0.0237396 0.149533 0.149764
0 0.449794 0.328386 0.0177004 0.0752406 0.148902
30 0.210746 0.551712 0.0748781 0.432915 0.14301
30 0.609991 0.599533 0.0435427 0.553299 0.1418
30 0.0713236 0.925512 0.0459053 0.0482272 0.136643
0 0.160586 0.765703 0.0410161 0.173283 0.136053
0 0.567464 0.177597 0.0251859 0.0839405 0.135201
0 0.885785 0.795403 0.0243099 0.0951629 0.132116
30 0.35129 0.562951 0.0757017 0.446427 0.129526
0 0.0504753 0.769916 0.0933837 0.305763 0.122053
0 0.398455 0.864884 0.033062 0.0863261 0.121513
0 0.652403 0.281082 0.0208717 0.0700849 0.120944
0 0.095702 0.17702 0.0272164 0.100644 0.120453
0 0.752487 0.205129 0.0270595 0.116982 0.109389
0 0.112266 0.773783 0.0439995 0.206432 0.108897
30 0.160248 0.76989 0.0402809 0.189765 0.108495
30 0.444042 0.604112 0.0939287 0.537229 0.105836
0 0.181377 0.0736725 0.0428763 0.0975977 0.105752
14 0.675043 0.926268 0.030653 0.0899445 0.102241
30 0.39015 0.552787 0.0677023 0.363529 0.10192
