0 0.187647 0.781594 0.0319473 0.129199 0.542603
0 0.899374 0.767692 0.0284137 0.0860181 0.400912
0 0.692969 0.211796 0.0241495 0.0939002 0.394214
0 0.607483 0.793076 0.023271 0.0904902 0.35512
0 0.364184 0.0743899 0.0236805 0.0994985 0.351962
0 0.729968 0.972205 0.0284807 0.055591 0.349746
0 0.919575 0.544759 0.0230724 0.0916699 0.330616
0 0.962102 0.680665 0.0408329 0.119777 0.309196
0 0.519848 0.96159 0.0424336 0.0768191 0.283014
0 0.12355 0.937531 0.0384829 0.124937 0.270695
0 0.340506 0.957903 0.0389011 0.0841941 0.256697
9 0.294744 0.0212985 0.0362048 0.0425971 0.254984
0 0.903084 0.405116 0.0242661 0.117998 0.233417
0 0.514 0.960153 0.0305204 0.0784198 0.209771
0 0.660768 0.956686 0.0360565 0.0842472 0.195153
0 0.217861 0.918635 0.0313104 0.0990085 0.191558
0 0.846901 0.488237 0.0318462 0.0999249 0.177848
0 0.413001 0.86014 0.0343984 0.0738376 0.172931
0 0.784302 0.862336 0.0271265 0.112814 0.168666
0 0.68806 0.427828 0.026165 0.138187 0.162338
0 0.760855 0.877334 0.0282826 0.105748 0.159726
0 0.0796356 0.794467 0.0383647 0.0943602 0.159114
0 0.134247 0.217406 0.0262651 0.0971017 0.158557
0 0.910179 0.0870583 0.0236853 0.0942575 0.157932
0 0.78479 0.838698 0.0268953 0.0630382 0.154523
0 0.532173 0.90182 0.0242539 0.0641321 0.151889
0 0.0515677 0.978438 0.0336486 0.0431235 0.15121
0 0.600058 0.906698 0.0299843 0.0922233 0.149674
0 0.240114 0.885189 0.0305277 0.0874914 0.149617
0 0.49801 0.0388101 0.0198842 0.0776202 0.149222
0 0.574172 0.798037 0.0279001 0.0926685 0.144942
0 0.0232801 0.646688 0.0443117 0.177294 0.125336
0 0.608731 0.413489 0.024891 0.0852849 0.123352
0 0.9677 0.684331 0.0294712 0.108833 0.116693
30 0.0559288 0.627227 0.0818508 0.405043 0.108564
0 0.760717 0.86103 0.0267188 0.0689034 0.107447
0 0.343214 0.851337 0.0331839 0.0854399 0.10012
