0 0.401489 0.966248 0.038159 0.0675033 0.51537
0 0.443371 0.829329 0.0357609 0.144791 0.492915
0 0.872012 0.974461 0.0248411 0.0510776 0.481633
0 0.73571 0.947577 0.0276038 0.0995594 0.412466
0 0.187195 0.251471 0.0446818 0.126006 0.393565
0 0.0651928 0.850835 0.0385764 0.134019 0.369085
0 0.243503 0.959305 0.0344574 0.0813906 0.266753
0 0.0597565 0.845988 0.0288856 0.0966425 0.261313
0 0.522497 0.94938 0.0820474 0.10124 0.258448
0 0.695918 0.464729 0.032004 0.206104 0.252063
0 0.662718 0.250877 0.0251473 0.13634 0.24244
0 0.289244 0.283456 0.0268493 0.0897685 0.213084
0 0.0626979 0.838036 0.0356407 0.105748 0.174349
0 0.825042 0.875327 0.0276054 0.108504 0.168188
0 0.0719308 0.244909 0.0400736 0.10788 0.134089
0 0.147452 0.665134 0.0275752 0.113281 0.128336
0 0.548581 0.859949 0.0226714 0.0836359 0.128052
0 0.0659559 0.876636 0.0396538 0.0992279 0.127969
0 0.640113 0.441976 0.0258738 0.0939412 0.124652
0 0.0119552 0.682899 0.023845 0.174028 0.119547
0 0.716062 0.306342 0.0221321 0.0840199 0.118645
0 0.187072 0.271639 0.0445789 0.0876745 0.116922
0 0.147422 0.817146 0.0362515 0.086789 0.113337
0 0.429632 0.17539 0.0259417 0.0762268 0.112324
0 0.149335 0.957402 0.0307392 0.0851951 0.108988
0 0.570611 0.287276 0.0374924 0.0902169 0.104907
0 0.695274 0.440127 0.0302338 0.152572 0.103243
0 0.732508 0.73606 0.0293427 0.12239 0.100803
