0 0.403307 0.0438626 0.0364481 0.0870696 0.407157
0 0.251577 0.253268 0.0422342 0.171932 0.401487
0 0.794624 0.179526 0.0286781 0.0807615 0.389194
0 0.45128 0.958775 0.0382526 0.0824508 0.388803
0 0.680509 0.810127 0.025678 0.0935009 0.336517
0 0.949523 0.783401 0.0395462 0.111762 0.331936
0 0.399122 0.902284 0.029956 0.102952 0.330816
0 0.791215 0.182689 0.0368923 0.0900512 0.324008
0 0.0462136 0.210541 0.0430757 0.0961068 0.306966
0 0.101331 0.924346 0.0525486 0.104107 0.266628
0 0.619477 0.957257 0.0225296 0.0854868 0.242342
0 0.185457 0.781093 0.0410009 0.0984079 0.238418
0 0.0794514 0.687718 0.0351419 0.147505 0.232778
0 0.0898283 0.799823 0.0419218 0.1023 0.231452
0 0.124059 0.209262 0.027421 0.0990127 0.225037
30 0.39816 0.971783 0.0323719 0.0564337 0.208583
0 0.663637 0.407577 0.0233991 0.0959026 0.206068
0 0.0146097 0.312409 0.0292193 0.149453 0.20533
0 0.829223 0.971777 0.0287838 0.0564467 0.192058
0 0.627707 0.445908 0.0275261 0.107829 0.186563
0 0.317241 0.304568 0.041249 0.102472 0.184464
0 0.954615 0.773057 0.0271994 0.0930535 0.160278
0 0.823295 0.970773 0.0435385 0.0584535 0.158492
0 0.52082 0.854713 0.0364922 0.0766708 0.152901
0 0.012173 0.615986 0.0242889 0.17911 0.150015
30 0.342861 0.521015 0.0746459 0.474999 0.146439
0 0.261547 0.749991 0.023416 0.0930539 0.145612
9 0.606797 0.319898 0.0202499 0.0940488 0.144627
30 0.125199 0.616044 0.0585824 0.395822 0.138933
0 0.079571 0.663284 0.0355291 0.0978128 0.137547
0 0.619538 0.740967 0.0253975 0.101059 0.133753
9 0.176434 0.0334835 0.0282095 0.0617455 0.124738
30 0.102386 0.955556 0.0530954 0.0411127 0.12457
0 0.0635467 0.341921 0.033572 0.103448 0.122314
0 0.0873382 0.144914 0.0236518 0.0987386 0.118922
0 0.586192 0.966112 0.025669 0.0677753 0.118108
24 0.114065 0.871922 0.0330308 0.0840544 0.115338
0 0.316581 0.283446 0.0394556 0.125822 0.114065
0 0.125747 0.224716 0.0262403 0.0734749 0.113737
0 0.122803 0.194677 0.0269854 0.068758 0.111113
0 0.083154 0.804816 0.0315941 0.0880987 0.108437
0 0.280309 0.56107 0.0223805 0.0952514 0.102841
0 0.390697 0.586109 0.0257855 0.0787359 0.100548
0 0.367694 0.274307 0.0200646 0.062038 0.100404
