0 0.85695 0.702757 0.0337717 0.115332 0.492772
0 0.814703 0.524548 0.0225834 0.093233 0.490695
0 0.80285 0.41353 0.0272768 0.118413 0.475326
0 0.612087 0.97141 0.0306235 0.0571805 0.461337
0 0.569059 0.211925 0.0237044 0.0903451 0.426945
0 0.89733 0.775381 0.0232773 0.0934504 0.390584
0 0.551213 0.944205 0.0331385 0.106155 0.319078
0 0.477085 0.819226 0.0524975 0.229242 0.291473
0 0.209093 0.174253 0.0202437 0.0965646 0.274476
0 0.985381 0.0427055 0.0236241 0.0854109 0.265622
0 0.262338 0.925941 0.0269255 0.062872 0.254603
0 0.0824245 0.224112 0.0431353 0.106096 0.228263
0 0.534602 0.267532 0.0290945 0.132128 0.224983
0 0.68719 0.929595 0.0281742 0.0995335 0.222346
0 0.0199111 0.915232 0.0368425 0.168927 0.209017
0 0.748691 0.457408 0.0271435 0.0961234 0.207465
0 0.962295 0.940131 0.0385181 0.11313 0.188317
0 0.6898 0.909134 0.0225337 0.0561898 0.169927
0 0.53168 0.280631 0.0247603 0.112468 0.165951
0 0.233402 0.207406 0.0220346 0.09703 0.164938
0 0.919471 0.386105 0.0247188 0.105371 0.149699
0 0.601552 0.0358727 0.0295131 0.0717453 0.149077
0 0.694262 0.584747 0.0300544 0.0878407 0.139614
0 0.435623 0.722404 0.0415455 0.172277 0.138763
0 0.20095 0.960171 0.0687216 0.0796577 0.13484
0 0.688564 0.917364 0.0264654 0.0749778 0.134145
0 0.216045 0.960222 0.0377786 0.0792759 0.127249
0 0.00893403 0.19882 0.0178681 0.0959342 0.125366
0 0.926896 0.387394 0.0383553 0.106578 0.123239
0 0.30661 0.781185 0.0292447 0.124614 0.120876
0 0.540026 0.239054 0.0217705 0.0931079 0.116679
0 0.788922 0.671334 0.0295904 0.0877849 0.113438
0 0.57305 0.984683 0.0240505 0.0306342 0.109481
0 0.211203 0.80621 0.0355558 0.0935732 0.109011
0 0.196043 0.863949 0.0272182 0.097136 0.106476
0 0.541721 0.227601 0.0188979 0.0710036 0.104857
0 0.226273 0.0454671 0.025257 0.0905494 0.104163
0 0.0906093 0.141853 0.0240888 0.0800219 0.103832
0 0.319631 0.201452 0.0385304 0.103104 0.100664
0 0.400343 0.78534 0.0459228 0.155216 0.100465
