0 0.586472 0.974229 0.0379592 0.0515421 0.529733
0 0.538192 0.94274 0.0559858 0.11445 0.488333
0 0.829881 0.721659 0.0348801 0.110346 0.487766
0 0.0130433 0.859417 0.0260866 0.119734 0.418264
0 0.342181 0.974508 0.0262255 0.0509835 0.402304
0 0.725457 0.943667 0.0308155 0.102969 0.371572
0 0.896838 0.390204 0.0274492 0.115897 0.358596
0 0.723574 0.463057 0.0357563 0.113261 0.331912
0 0.896968 0.779492 0.0232961 0.0929138 0.330658
0 0.781586 0.413431 0.0247057 0.116315 0.322622
0 0.046267 0.970996 0.0231855 0.0580083 0.289724
0 0.075034 0.966949 0.0345794 0.0661017 0.289429
0 0.670689 0.603163 0.0448744 0.150293 0.228172
0 0.659724 0.443802 0.0239027 0.0975132 0.217957
0 0.313337 0.196811 0.0268304 0.103996 0.209631
0 0.10419 0.227861 0.0407874 0.130364 0.20329
0 0.915586 0.390247 0.0227793 0.103376 0.199474
0 0.0449462 0.825845 0.033696 0.0940287 0.19141
0 0.816691 0.643484 0.0244351 0.108272 0.185207
0 0.621915 0.0271104 0.0238789 0.0542208 0.184292
0 0.792505 0.640345 0.0355134 0.0905932 0.170226
0 0.255625 0.0473884 0.030366 0.0937686 0.165826
10 0.934721 0.938756 0.0509329 0.117951 0.151892
0 0.337301 0.196559 0.0266958 0.103193 0.150797
0 0.439625 0.875689 0.0367553 0.106446 0.144868
0 0.396266 0.361398 0.0270912 0.0909774 0.129334
0 0.0097009 0.248611 0.0194018 0.0927475 0.127186
0 0.539814 0.208368 0.0234285 0.0811272 0.124535
0 0.0297565 0.195601 0.0263517 0.0986093 0.107593
0 0.727721 0.44942 0.0261152 0.0893734 0.107077
0 0.236207 0.16666 0.0205629 0.0862411 0.103742
0 0.388392 0.950934 0.0490857 0.098132 0.102771
0 0.292604 0.939784 0.0241628 0.0829998 0.100936
0 0.797161 0.0769349 0.0184025 0.0527081 0.100319
