0 0.685568 0.917664 0.0313456 0.0979718 0.539615
0 0.598407 0.0554524 0.0361324 0.110905 0.527367
0 0.445961 0.0795147 0.0352291 0.108514 0.523247
0 0.665184 0.0722387 0.0191084 0.0962176 0.51461
0 0.619886 0.82171 0.0273371 0.0985287 0.47627
0 0.899631 0.283944 0.034003 0.0943279 0.438921
0 0.656968 0.804058 0.0244648 0.0867783 0.421083
0 0.668172 0.273461 0.0381841 0.137152 0.41609
0 0.454032 0.586953 0.0288199 0.0986521 0.40665
0 0.601254 0.272062 0.0224138 0.103726 0.403727
0 0.897378 0.115852 0.0332861 0.0927314 0.394893
0 0.328793 0.253891 0.0203273 0.0986114 0.366845
0 0.630425 0.607929 0.0257358 0.128716 0.335382
0 0.14878 0.964285 0.0355839 0.0713255 0.333596
0 0.930584 0.184844 0.0343902 0.102767 0.330658
0 0.795035 0.130055 0.0270941 0.07606 0.326459
0 0.601953 0.422025 0.0236855 0.0954379 0.308988
0 0.340319 0.953813 0.0483523 0.0916589 0.308514
0 0.211311 0.115468 0.0259792 0.0961048 0.302905
0 0.728927 0.198087 0.0168292 0.0773664 0.281572
0 0.877159 0.248248 0.0242862 0.0895167 0.259747
0 0.165766 0.0336697 0.032846 0.0673393 0.259184
0 0.380704 0.432679 0.0243726 0.10102 0.238405
0 0.830552 0.983582 0.032217 0.0328369 0.23418
0 0.687978 0.360521 0.0245571 0.0885236 0.224622
3 0.600491 0.0771953 0.0366339 0.0797173 0.221198
0 0.659809 0.524941 0.0246466 0.0729129 0.217968
0 0.21253 0.886519 0.0424159 0.0955078 0.210757
0 0.843765 0.178899 0.0299702 0.0914686 0.19692
0 0.0995328 0.185614 0.0248204 0.0959722 0.195179
30 0.290301 0.601752 0.0596808 0.472877 0.192315
0 0.738769 0.209146 0.0376961 0.100831 0.18814
0 0.357243 0.443004 0.0220913 0.100938 0.185217
0 0.294745 0.0606412 0.0296995 0.0970601 0.184951
0 0.210757 0.102335 0.0255313 0.0706333 0.159827
0 0.795379 0.160114 0.0278256 0.140228 0.156768
0 0.673825 0.2657 0.0281556 0.124926 0.155238
0 0.744695 0.234218 0.0401961 0.08541 0.15513
30 0.163398 0.548684 0.080778 0.431922 0.143972
0 0.675332 0.239579 0.0236563 0.0727987 0.139362
0 0.231171 0.975013 0.030679 0.0494723 0.138169
0 0.35292 0.313565 0.0306207 0.0976463 0.136952
0 0.627467 0.320751 0.0226713 0.081563 0.136647
0 0.452873 0.624869 0.0320799 0.176088 0.13556
30 0.288197 0.501032 0.0426192 0.336207 0.135496
0 0.896063 0.132606 0.0314426 0.0595247 0.135
30 0.244396 0.602213 0.0612042 0.279812 0.131925
0 0.20502 0.307472 0.0301525 0.0988769 0.130423
0 0.342816 0.964868 0.0433627 0.0694903 0.12595
30 0.279539 0.610284 0.0826296 0.47636 0.121755
0 0.276346 0.198586 0.0192552 0.0871273 0.121177
0 0.892769 0.736874 0.0407926 0.129423 0.117717
0 0.449873 0.676884 0.0392729 0.279747 0.115692
0 0.867897 0.210001 0.0331798 0.0828371 0.11111
30 0.446549 0.715427 0.0420709 0.319157 0.107122
0 0.352898 0.297829 0.0270951 0.0675949 0.10558
0 0.0168346 0.760301 0.0336691 0.135042 0.104929
30 0.308672 0.601978 0.0719875 0.393809 0.10036
0 0.120913 0.668774 0.0259465 0.0677719 0.100064
