0 0.88163 0.150456 0.0324181 0.0897925 0.516302
0 0.167395 0.764331 0.040134 0.125115 0.495775
0 0.71166 0.968621 0.0248269 0.0627589 0.474637
0 0.543568 0.960999 0.0453832 0.0779993 0.45185
0 0.278733 0.871619 0.0251073 0.0958752 0.424889
0 0.0854447 0.780326 0.0356037 0.105034 0.407541
0 0.908057 0.970254 0.0296657 0.0594926 0.349283
0 0.772945 0.804535 0.0304657 0.0789299 0.348475
0 0.616998 0.842233 0.02559 0.084755 0.316939
0 0.0096508 0.833764 0.0193016 0.156317 0.312057
31 0.00776103 0.959921 0.0155221 0.0228057 0.308026
0 0.894904 0.714197 0.0234392 0.100286 0.270557
0 0.316896 0.0601802 0.0258912 0.0911299 0.252076
0 0.169142 0.243221 0.0439267 0.158834 0.237195
9 0.680074 0.29731 0.0180523 0.0854672 0.227912
0 0.184165 0.532259 0.0298526 0.103292 0.220159
0 0.169447 0.753584 0.0323904 0.101537 0.214537
0 0.0615153 0.316694 0.0364247 0.169537 0.203472
0 0.674324 0.900653 0.0453105 0.0912113 0.197757
0 0.834505 0.970464 0.0367281 0.0549657 0.196098
0 0.453946 0.644057 0.0261374 0.0856509 0.184637
2 0.0138273 0.032829 0.0276546 0.0617373 0.183442
0 0.804916 0.94279 0.0386022 0.0896889 0.1795
0 0.0414955 0.22102 0.0361619 0.11404 0.176219
0 0.208956 0.730108 0.0260705 0.0905996 0.172919
0 0.220015 0.307418 0.0470572 0.113155 0.169679
0 0.0899591 0.616493 0.0320918 0.121522 0.16781
0 0.215456 0.310065 0.0306316 0.104637 0.162183
0 0.694599 0.760296 0.0351356 0.142304 0.152281
0 0.0927404 0.606784 0.0245362 0.0984541 0.138468
0 0.185375 0.519321 0.0262113 0.078115 0.131628
0 0.574557 0.664764 0.0258695 0.0978523 0.119858
0 0.940245 0.55316 0.0311848 0.136898 0.116622
0 0.0616617 0.300572 0.0307882 0.142952 0.115865
0 0.943946 0.573918 0.0296955 0.105595 0.111945
0 0.98934 0.491711 0.0206451 0.170383 0.11069
0 0.0630061 0.343583 0.0334129 0.122708 0.109473
0 0.574858 0.879816 0.021056 0.0886779 0.108395
0 0.27287 0.302694 0.0267736 0.0860599 0.10599
31 0.0105818 0.96308 0.0208951 0.0313772 0.10564
0 0.00823392 0.736714 0.0164678 0.257007 0.103699
