0 0.614098 0.798433 0.0289871 0.10928 0.450652
0 0.393357 0.966496 0.0239509 0.0670088 0.341447
0 0.173854 0.259575 0.0363558 0.106487 0.290058
0 0.989776 0.552784 0.0197052 0.097081 0.278037
0 0.721362 0.940363 0.0359398 0.101146 0.276494
0 0.0721526 0.863321 0.0418741 0.127333 0.273521
0 0.0643626 0.860888 0.0295343 0.123547 0.258542
0 0.234275 0.970248 0.030881 0.0580351 0.255918
0 0.346828 0.0631536 0.0262716 0.105839 0.253911
0 0.850824 0.966808 0.0296568 0.0663845 0.24939
0 0.29029 0.274252 0.0290285 0.0880185 0.233278
0 0.128176 0.815657 0.0409212 0.091096 0.226197
0 0.633631 0.649014 0.032663 0.0900602 0.21646
0 0.228893 0.872269 0.0456452 0.111767 0.209329
0 0.151304 0.935135 0.0352298 0.126873 0.208441
0 0.346423 0.839002 0.032946 0.139664 0.20234
0 0.332463 0.169999 0.026203 0.135634 0.189022
0 0.746145 0.731255 0.0279764 0.113907 0.186169
0 0.535287 0.858705 0.0403342 0.0900882 0.176508
0 0.102305 0.270111 0.0330344 0.0998124 0.166516
0 0.059522 0.250998 0.03551 0.0850404 0.159317
0 0.0268802 0.44362 0.0198972 0.0732716 0.15882
0 0.648964 0.256328 0.0371462 0.135107 0.158345
0 0.179114 0.240481 0.0283486 0.11015 0.157859
0 0.989089 0.684835 0.0214802 0.370032 0.154271
0 0.259005 0.975606 0.0293281 0.0487882 0.148818
0 0.70422 0.420829 0.0270454 0.114147 0.142475
0 0.180368 0.23075 0.0217772 0.0928057 0.134671
0 0.472763 0.429986 0.0295372 0.111558 0.129166
0 0.492089 0.956685 0.0406935 0.0866308 0.12664
0 0.0620017 0.231004 0.0351308 0.124934 0.120881
0 0.559189 0.285565 0.0314457 0.0906632 0.120804
0 0.418483 0.195699 0.0288391 0.107737 0.110157
0 0.0631727 0.842536 0.0288045 0.0896299 0.10651
