0 0.109182 0.22778 0.0429067 0.125277 0.578036
0 0.582836 0.974181 0.034055 0.0516376 0.465121
0 0.011192 0.848741 0.0223841 0.106334 0.417017
0 0.258781 0.0473914 0.0263914 0.0932549 0.40297
0 0.0782971 0.962418 0.03224 0.0751643 0.39598
0 0.248265 0.832053 0.0394957 0.145192 0.363072
0 0.897134 0.780891 0.0229054 0.0957614 0.332304
0 0.311691 0.200366 0.0262943 0.10435 0.32724
0 0.205161 0.953558 0.0659769 0.0928831 0.326872
0 0.53405 0.211752 0.0324957 0.0834985 0.301383
0 0.731392 0.944659 0.0432118 0.108375 0.2862
0 0.0498967 0.971068 0.0251144 0.0578641 0.282272
0 0.049545 0.822006 0.0405211 0.093697 0.251114
0 0.895135 0.388385 0.051696 0.121686 0.248337
0 0.240278 0.165629 0.0190377 0.0870511 0.247703
0 0.261068 0.197327 0.0228146 0.0954619 0.232758
0 0.337429 0.974307 0.0248617 0.0513862 0.211509
0 0.341364 0.200158 0.0300362 0.107023 0.203707
0 0.776689 0.414108 0.0237744 0.109139 0.202213
0 0.535184 0.94099 0.0607039 0.118019 0.178912
0 0.827257 0.730962 0.0266743 0.098945 0.172241
0 0.297549 0.939997 0.0244142 0.0872161 0.163298
0 0.733301 0.934026 0.0327813 0.0833317 0.16037
0 0.898251 0.794754 0.0258663 0.125895 0.160269
0 0.678159 0.607149 0.0555629 0.133086 0.159783
0 0.0110088 0.0379883 0.0220176 0.07371 0.159777
0 0.625283 0.0316339 0.0300308 0.0632678 0.138754
0 0.928269 0.925539 0.0344669 0.0962709 0.131053
0 0.0450271 0.813555 0.0334237 0.079962 0.129321
0 0.0240382 0.40057 0.035803 0.110218 0.126511
0 0.654041 0.438956 0.0180559 0.0894742 0.116694
0 0.569104 0.228891 0.0276518 0.0809741 0.114949
0 0.720932 0.464142 0.0361474 0.113735 0.110865
0 0.566618 0.249989 0.032247 0.121362 0.109453
0 0.0360844 0.200759 0.0258018 0.0999975 0.107656
0 0.00658683 0.972888 0.013007 0.0542245 0.10606
0 0.521709 0.800893 0.0438311 0.0987011 0.105536
0 0.389669 0.950652 0.0473418 0.0986951 0.102987
0 0.47738 0.632373 0.0223109 0.0844842 0.101091
