0 0.764648 0.960764 0.0272666 0.0784711 0.558533
0 0.397136 0.0997091 0.0221026 0.0994276 0.525994
0 0.639943 0.89069 0.0411179 0.0893666 0.511172
3 0.55149 0.0867282 0.0353178 0.0952234 0.507962
0 0.676199 0.83794 0.0232881 0.0968278 0.499275
0 0.901513 0.939188 0.0403714 0.090507 0.40989
0 0.246083 0.911165 0.0275464 0.108809 0.397346
0 0.551488 0.0600343 0.036711 0.104764 0.36655
0 0.984141 0.782481 0.0308792 0.0960018 0.357963
0 0.54344 0.288471 0.0264134 0.0985285 0.356593
0 0.182151 0.201745 0.022545 0.087514 0.341584
0 0.26909 0.124319 0.028664 0.109199 0.326869
0 0.149946 0.95817 0.033533 0.0836593 0.322217
0 0.27388 0.267289 0.0228692 0.0958359 0.316369
0 0.846324 0.11067 0.027906 0.0941136 0.316321
0 0.0437424 0.827234 0.0874561 0.217285 0.312063
0 0.884498 0.194031 0.0348713 0.101543 0.285438
0 0.625262 0.30002 0.0290767 0.108084 0.273713
30 0.278316 0.628926 0.0646326 0.368533 0.268719
0 0.709865 0.833821 0.0233371 0.0825045 0.266268
0 0.385442 0.960948 0.033776 0.0755214 0.26572
0 0.407466 0.585538 0.0306459 0.0900436 0.263225
0 0.673561 0.212008 0.0171743 0.0842364 0.254628
0 0.172849 0.85956 0.0514052 0.124012 0.244296
30 0.454477 0.597719 0.0672746 0.558848 0.241435
0 0.491793 0.614151 0.0316961 0.107948 0.219686
0 0.100025 0.18194 0.0248413 0.0852614 0.212321
0 0.0988898 0.17173 0.0229645 0.0652693 0.19675
0 0.754046 0.143404 0.0253403 0.0744264 0.191138
0 0.965044 0.7313 0.0247801 0.0939995 0.177591
0 0.718878 0.0472541 0.019121 0.0919517 0.176766
0 0.922709 0.700921 0.035025 0.172111 0.162552
0 0.164755 0.878384 0.0415614 0.0872254 0.161162
0 0.800271 0.186747 0.0280651 0.0884324 0.159648
0 0.957455 0.251977 0.0272633 0.0902976 0.150681
30 0.441645 0.599248 0.104792 0.560773 0.141046
0 0.703773 0.217102 0.0284249 0.0549944 0.13651
0 0.160906 0.88165 0.0308873 0.0795028 0.132306
0 0.312438 0.309912 0.0242738 0.0955317 0.12992
30 0.391882 0.538317 0.0773362 0.373027 0.129307
0 0.311884 0.296013 0.0231796 0.0682634 0.116668
30 0.440211 0.601052 0.0702183 0.546766 0.113544
0 0.256037 0.396964 0.0432534 0.146228 0.109011
0 0.394259 0.832593 0.022972 0.0858118 0.105251
0 0.225594 0.390849 0.0311624 0.122735 0.105077
0 0.941458 0.654161 0.0187858 0.0853845 0.101771
