0 0.580665 0.84994 0.024411 0.100822 0.575833
0 0.49823 0.863499 0.0363452 0.0947448 0.468826
0 0.733448 0.9592 0.0391691 0.0816002 0.388178
0 0.780689 0.965779 0.0359144 0.0684425 0.288362
0 0.530351 0.330176 0.0229761 0.0816177 0.27475
0 0.865396 0.760135 0.0282368 0.0840319 0.227443
0 0.253865 0.146924 0.0243316 0.105007 0.194938
0 0.497055 0.980624 0.0339402 0.0387521 0.187817
0 0.760829 0.438682 0.0238678 0.104559 0.163883
0 0.753189 0.183949 0.0249405 0.0991713 0.160119
0 0.157134 0.966857 0.0420565 0.0661238 0.148288
0 0.853886 0.586487 0.0251685 0.0895262 0.146593
0 0.674455 0.213602 0.0288042 0.0800033 0.142547
30 0.224407 0.499719 0.0648714 0.330534 0.136763
0 0.00589496 0.962906 0.0117899 0.0741888 0.136158
0 0.702511 0.483718 0.0162125 0.0801326 0.134208
0 0.700174 0.103318 0.0281206 0.0894262 0.129743
0 0.859153 0.234712 0.032793 0.0935315 0.1259
30 0.250841 0.820015 0.0299552 0.101118 0.121789
0 0.739357 0.630938 0.0228844 0.102296 0.115213
0 0.0512984 0.841986 0.0416528 0.0919225 0.112637
0 0.889965 0.315195 0.0336094 0.0927357 0.105518
0 0.146084 0.934399 0.0613492 0.12764 0.101757
