0 0.587344 0.850309 0.0269054 0.105785 0.475018
0 0.501299 0.862075 0.0362965 0.0980516 0.376085
0 0.260831 0.148461 0.0327303 0.104052 0.259527
0 0.789015 0.967893 0.0305582 0.0642137 0.210752
0 0.157338 0.965554 0.0411045 0.0688929 0.1965
0 0.533904 0.333292 0.0266453 0.0821311 0.193175
0 0.757147 0.440417 0.0219096 0.102047 0.191092
0 0.738073 0.959628 0.036731 0.0807445 0.187546
0 0.975344 0.594235 0.0487629 0.171072 0.187319
0 0.975755 0.635387 0.0478615 0.249802 0.178645
0 0.00496325 0.968193 0.0099265 0.0628687 0.175664
0 0.796556 0.792599 0.034852 0.174994 0.168396
0 0.130497 0.917357 0.0408358 0.0961885 0.156915
0 0.125216 0.905882 0.0277861 0.073033 0.153614
0 0.0970132 0.182637 0.02478 0.096771 0.144984
0 0.975818 0.737568 0.0480762 0.473294 0.138786
0 0.705527 0.10609 0.0347526 0.0875672 0.138661
0 0.671448 0.599971 0.017486 0.0944694 0.138362
0 0.775857 0.588251 0.0225574 0.0912352 0.133682
0 0.49216 0.978769 0.0326235 0.042461 0.13103
0 0.292817 0.326922 0.0312464 0.116276 0.117134
0 0.758009 0.18695 0.0264728 0.100046 0.115155
0 0.645808 0.166339 0.0268255 0.0812174 0.108126
0 0.676137 0.847242 0.0286582 0.0886032 0.102026
0 0.864746 0.23185 0.024757 0.0911431 0.101575
0 0.676752 0.216367 0.0283093 0.0880139 0.101268
