0 0.461773 0.856481 0.034369 0.086672 0.46857
0 0.693107 0.96281 0.0431509 0.0743796 0.442166
0 0.791155 0.444294 0.028639 0.112583 0.39461
0 0.736723 0.28634 0.0258629 0.111891 0.309046
0 0.763527 0.786188 0.0398535 0.131125 0.290142
0 0.563015 0.328923 0.0216635 0.086998 0.276424
0 0.94102 0.969107 0.0290363 0.0617855 0.268882
0 0.929819 0.627505 0.0285011 0.0989399 0.250956
0 0.501607 0.331403 0.0192432 0.0783943 0.23211
0 0.974421 0.704395 0.0252151 0.106591 0.208409
0 0.26542 0.313623 0.0285517 0.102267 0.206013
0 0.735179 0.576689 0.0327869 0.140776 0.203625
30 0.531359 0.571699 0.0468422 0.479202 0.19876
0 0.219032 0.15702 0.0253589 0.109509 0.197096
0 0.647052 0.22842 0.0305593 0.0902081 0.179645
30 0.522484 0.572298 0.0533888 0.476899 0.177339
0 0.168422 0.880597 0.0324612 0.120648 0.165896
0 0.392033 0.104949 0.0329563 0.114165 0.155751
0 0.629113 0.602598 0.0272795 0.0920563 0.148585
0 0.697545 0.280664 0.023217 0.0853068 0.143624
0 0.828431 0.236261 0.03631 0.0844026 0.142671
0 0.546523 0.854175 0.0224809 0.104056 0.14263
0 0.108443 0.77146 0.0450875 0.174539 0.127145
0 0.341945 0.029747 0.0193637 0.0594939 0.120608
0 0.549444 0.215883 0.033071 0.0916305 0.119205
0 0.832973 0.790163 0.0430198 0.177574 0.114241
0 0.154947 0.962809 0.047683 0.0740732 0.107791
30 0.470064 0.501094 0.0623813 0.389874 0.10681
30 0.226623 0.616666 0.0842459 0.47915 0.103492
0 0.462573 0.159557 0.0190278 0.0745965 0.103117
0 0.16813 0.902137 0.0313728 0.0776734 0.102601
0 0.0128788 0.924951 0.0257164 0.145878 0.101442
