0 0.349738 0.864145 0.0350535 0.1246 0.528364
0 0.562144 0.958042 0.0457065 0.0839158 0.502685
0 0.908119 0.798762 0.0365156 0.0927443 0.499459
2 0.0180575 0.0491437 0.036115 0.0977271 0.490149
0 0.959986 0.834593 0.0272831 0.0991032 0.486385
0 0.662641 0.828302 0.0360391 0.11047 0.451767
0 0.800132 0.94756 0.041589 0.103404 0.431393
0 0.284984 0.96504 0.031686 0.06992 0.406319
0 0.857246 0.738823 0.0384682 0.0999752 0.371516
0 0.55469 0.270445 0.0236696 0.0886142 0.231594
0 0.214363 0.986099 0.0232866 0.0278018 0.200468
0 0.258312 0.894328 0.0346497 0.0839322 0.190479
0 0.146565 0.946613 0.0316132 0.0792555 0.189974
30 0.30218 0.58327 0.0655792 0.447009 0.186066
30 0.281879 0.596263 0.109521 0.459009 0.183114
0 0.105284 0.191658 0.0446912 0.126875 0.181636
0 0.716738 0.670298 0.0261017 0.0982725 0.174906
0 0.257939 0.886632 0.0290976 0.0705422 0.17247
0 0.761804 0.299849 0.0325067 0.0933641 0.172136
0 0.0802633 0.864773 0.0297948 0.102291 0.158889
0 0.37513 0.186877 0.0272187 0.0962135 0.155685
0 0.549329 0.525613 0.0221802 0.0930115 0.153229
0 0.222449 0.235992 0.036151 0.087133 0.151626
0 0.806085 0.943477 0.0286123 0.096293 0.149084
30 0.385734 0.584759 0.0738851 0.379042 0.146148
0 0.120876 0.355361 0.0278308 0.0997269 0.141329
0 0.588265 0.666726 0.0357792 0.133605 0.140839
0 0.622748 0.192892 0.028096 0.0963888 0.132176
0 0.861103 0.735074 0.0288063 0.0936057 0.125407
0 0.521955 0.443222 0.0234344 0.108257 0.124351
0 0.818712 0.589021 0.0316651 0.149169 0.124078
0 0.421041 0.181681 0.0236692 0.103092 0.120379
0 0.896428 0.644502 0.0269791 0.0918371 0.115478
14 0.761902 0.299271 0.0321952 0.0913278 0.114288
30 0.230996 0.55081 0.0604083 0.418904 0.112945
0 0.00899408 0.980113 0.0179449 0.0388804 0.105863
0 0.405857 0.335305 0.021499 0.076464 0.105272
0 0.647281 0.32756 0.0244095 0.0993963 0.103181
