0 0.752307 0.948318 0.0284712 0.0974998 0.408514
0 0.121112 0.229351 0.0450666 0.123079 0.341808
0 0.178769 0.950894 0.0351906 0.0982116 0.313643
0 0.7128 0.45779 0.0235416 0.112227 0.312275
0 0.763257 0.415485 0.0341627 0.111846 0.30821
0 0.574211 0.974595 0.0300552 0.0508099 0.261769
0 0.0837747 0.95224 0.0318552 0.0955203 0.252291
0 0.35015 0.809122 0.0321258 0.124301 0.232882
0 0.0107112 0.843876 0.0213865 0.101153 0.224972
0 0.307241 0.213934 0.02512 0.11066 0.19801
0 0.27116 0.0469778 0.0282267 0.0939556 0.195279
0 0.743089 0.950318 0.0470027 0.0980628 0.183556
0 0.897634 0.78091 0.022453 0.0931272 0.179585
0 0.88953 0.383113 0.0426819 0.122347 0.172326
0 0.523767 0.213032 0.0255047 0.0857196 0.163748
0 0.352378 0.201922 0.0255521 0.111449 0.158142
0 0.89769 0.795665 0.0247696 0.123524 0.142644
0 0.0108053 0.975669 0.0216107 0.0486616 0.136965
0 0.813821 0.670419 0.0331276 0.20392 0.132847
0 0.631746 0.890824 0.0269383 0.078752 0.131484
0 0.643255 0.448378 0.0368113 0.101662 0.129943
0 0.188641 0.112062 0.0259803 0.100819 0.128267
0 0.398735 0.954427 0.0297579 0.0911453 0.127228
0 0.0164792 0.0372731 0.0328397 0.0745462 0.122332
0 0.326535 0.976083 0.0274252 0.0478337 0.119103
0 0.700027 0.625569 0.0282995 0.0993283 0.115886
0 0.252118 0.167311 0.025698 0.0978486 0.111081
0 0.0605523 0.972509 0.0259226 0.054982 0.110497
0 0.0513292 0.205652 0.0417668 0.0976086 0.103841
0 0.513263 0.921204 0.0315919 0.0980317 0.10252
