0 0.736504 0.803636 0.0322241 0.147511 0.534377
0 0.505003 0.858756 0.037528 0.099565 0.527085
0 0.15164 0.961332 0.0406676 0.077336 0.499029
0 0.651837 0.959145 0.0452227 0.0817089 0.451049
0 0.424172 0.864312 0.0387062 0.0872116 0.399121
0 0.890258 0.964515 0.038413 0.0709693 0.366272
0 0.0351365 0.836698 0.0387007 0.162071 0.293954
0 0.336624 0.247514 0.024457 0.105456 0.280588
0 0.182035 0.173753 0.0264632 0.0987453 0.275975
0 0.140715 0.263347 0.0360917 0.087728 0.251003
0 0.891992 0.624558 0.0248181 0.101781 0.244586
0 0.871537 0.811732 0.0396969 0.130879 0.199012
0 0.688333 0.187406 0.0253361 0.0963402 0.187422
0 0.223063 0.432801 0.0271752 0.122886 0.16849
0 0.199046 0.894478 0.0388282 0.123078 0.166146
0 0.310395 0.314726 0.0179482 0.0938713 0.160916
0 0.193757 0.884623 0.0423467 0.13055 0.159733
0 0.665443 0.285952 0.0391136 0.0896254 0.157724
0 0.699606 0.593185 0.0314469 0.100522 0.153688
30 0.0356549 0.469679 0.0713099 0.286553 0.153004
0 0.582892 0.223779 0.0331943 0.190648 0.151508
0 0.241901 0.328609 0.0294426 0.137909 0.146141
0 0.701315 0.949664 0.0527811 0.0985209 0.146003
0 0.142493 0.252651 0.0331162 0.0695556 0.130232
0 0.435299 0.291979 0.0299912 0.0938315 0.128361
0 0.670095 0.277174 0.026602 0.0784784 0.119783
0 0.586023 0.198477 0.0252376 0.14009 0.112926
0 0.300985 0.750087 0.0214369 0.0746346 0.110644
0 0.02282 0.982013 0.0248004 0.0359741 0.10894
0 0.0540721 0.311606 0.0269625 0.0674022 0.107955
