0 0.165726 0.78608 0.0364767 0.123815 0.539529
0 0.717046 0.210861 0.0282994 0.0908656 0.532889
0 0.369465 0.0597741 0.0232717 0.111942 0.460271
0 0.869344 0.490077 0.0240975 0.0925483 0.453699
0 0.550495 0.95917 0.0421135 0.081661 0.412717
0 0.986195 0.72876 0.0270859 0.232563 0.391179
0 0.380135 0.957148 0.065149 0.0857044 0.390814
0 0.0538454 0.793484 0.0488789 0.0964883 0.385269
0 0.0977989 0.918671 0.0300531 0.0876332 0.322618
0 0.910403 0.772105 0.0357765 0.102774 0.319178
0 0.408773 0.807273 0.0258653 0.0854912 0.317606
0 0.476625 0.0396264 0.0241446 0.0792528 0.297855
0 0.209373 0.87982 0.0341167 0.0871156 0.268898
0 0.368948 0.843878 0.0265898 0.0719541 0.26471
0 0.369158 0.95703 0.0436374 0.0859392 0.241275
0 0.986464 0.668197 0.0262392 0.112845 0.237939
0 0.599718 0.832546 0.0345891 0.131907 0.236526
0 0.191363 0.921262 0.0344245 0.0983944 0.229157
0 0.373153 0.8521 0.0442005 0.0871472 0.211769
0 0.255739 0.470861 0.0232165 0.0808071 0.188988
0 0.635474 0.404007 0.0246983 0.0854207 0.184787
0 0.629839 0.901821 0.0237728 0.0627481 0.176901
24 0.209859 0.879237 0.0335524 0.0841176 0.174738
0 0.194464 0.513273 0.0236571 0.0998518 0.170953
0 0.0862153 0.365282 0.0415524 0.127637 0.151961
0 0.630116 0.913119 0.0253179 0.0841203 0.145156
0 0.75372 0.97775 0.0205572 0.0444997 0.14459
0 0.397928 0.272654 0.02718 0.135634 0.139372
0 0.10444 0.564345 0.0211963 0.0598475 0.139075
0 0.200087 0.890899 0.0526917 0.113634 0.135425
0 0.115658 0.219103 0.0351235 0.0938168 0.135229
0 0.708549 0.42591 0.0350168 0.136024 0.134843
0 0.498863 0.884968 0.0322649 0.12483 0.131748
0 0.939036 0.550397 0.0269579 0.0973273 0.12879
0 0.685161 0.944893 0.025435 0.058309 0.118656
0 0.196398 0.200449 0.0287698 0.0987583 0.116877
0 0.497348 0.867864 0.0301556 0.0947171 0.112628
0 0.188887 0.911238 0.0314599 0.0869697 0.112505
0 0.682874 0.958285 0.0305236 0.0834294 0.106875
0 0.20767 0.286321 0.0252396 0.09967 0.102496
0 0.762195 0.70546 0.030696 0.108018 0.100689
