0 0.455069 0.966904 0.0396463 0.066192 0.490103
0 0.351332 0.131463 0.0238222 0.104374 0.415444
0 0.9096 0.727377 0.0434879 0.193653 0.408103
0 0.671698 0.969353 0.0308581 0.0612937 0.403591
0 0.63586 0.210016 0.0272928 0.0900184 0.392602
0 0.0398017 0.971728 0.0367677 0.0565438 0.377732
0 0.187937 0.928478 0.0355222 0.0919278 0.368733
0 0.420168 0.853936 0.0433786 0.122327 0.364097
0 0.603478 0.942071 0.0535845 0.115857 0.312987
0 0.115862 0.972987 0.0395493 0.054025 0.290665
0 0.0271165 0.213178 0.040484 0.104348 0.282412
0 0.187768 0.917944 0.0296139 0.0745307 0.240255
0 0.339983 0.801532 0.0273779 0.0843039 0.230573
0 0.020197 0.21214 0.0268904 0.102313 0.214123
0 0.605437 0.957749 0.0526898 0.0845014 0.203315
30 0.293961 0.566327 0.0631679 0.506575 0.174232
0 0.355539 0.865455 0.0334373 0.0731195 0.172755
30 0.340523 0.5712 0.0501072 0.48995 0.172057
0 0.912999 0.749166 0.039936 0.17873 0.16665
0 0.240716 0.776763 0.0329399 0.128359 0.156736
0 0.177674 0.209782 0.0242016 0.0954045 0.152178
0 0.265442 0.31903 0.0429476 0.159339 0.148919
0 0.165486 0.0476765 0.0272867 0.0927353 0.145857
0 0.0474193 0.176528 0.0198432 0.095212 0.130634
30 0.340402 0.49677 0.0481174 0.358956 0.130533
0 0.539667 0.892437 0.0267245 0.0789528 0.129373
0 0.137665 0.804954 0.0313013 0.0874363 0.121731
0 0.612359 0.717519 0.0279444 0.12115 0.121708
0 0.602295 0.916046 0.0399376 0.0897784 0.119334
0 0.207613 0.309732 0.0227774 0.0780753 0.119058
0 0.770088 0.787594 0.0280467 0.108157 0.110479
0 0.85582 0.41154 0.0337227 0.119278 0.109831
