0 0.630572 0.888923 0.0332742 0.0862859 0.439588
0 0.0633365 0.885629 0.0313539 0.0928535 0.434879
0 0.701151 0.782913 0.0227518 0.0965098 0.399431
0 0.597326 0.952579 0.0523102 0.0948415 0.367215
0 0.733443 0.239413 0.033064 0.14128 0.356766
0 0.69894 0.794098 0.0278671 0.120876 0.326339
0 0.480512 0.975146 0.0237099 0.0492824 0.323639
0 0.754085 0.846075 0.0353426 0.108068 0.310757
30 0.343797 0.531174 0.0477248 0.413835 0.304514
0 0.824618 0.970421 0.0249614 0.0591572 0.29867
0 0.348815 0.0613351 0.024122 0.110065 0.295009
0 0.8984 0.793814 0.0235919 0.0878704 0.271319
0 0.756932 0.401565 0.0309876 0.0912112 0.248952
0 0.383129 0.0521862 0.0204561 0.104372 0.24458
0 0.169722 0.337287 0.0253739 0.0889748 0.225413
0 0.137425 0.86453 0.0292658 0.0758687 0.216879
0 0.875735 0.637319 0.0246697 0.0952743 0.210349
0 0.210413 0.829386 0.0380903 0.0788249 0.193647
0 0.080861 0.715811 0.0248067 0.102992 0.184768
0 0.664725 0.737007 0.0321861 0.111719 0.172119
0 0.432785 0.0688347 0.0385621 0.128388 0.168624
0 0.934804 0.571074 0.0301689 0.0938693 0.163934
0 0.180737 0.979494 0.0252156 0.0410125 0.149882
0 0.786503 0.298345 0.0223593 0.0562762 0.144997
0 0.970165 0.524171 0.0259138 0.0947284 0.141345
0 0.371876 0.242128 0.0366961 0.0928121 0.137085
0 0.245934 0.28261 0.050456 0.0979221 0.133937
0 0.58665 0.450101 0.0247799 0.0941447 0.123676
0 0.733102 0.650379 0.0256708 0.0810188 0.122942
0 0.278079 0.361906 0.0285568 0.0927949 0.116168
0 0.646148 0.440666 0.0288374 0.115419 0.113564
0 0.667378 0.125915 0.0200695 0.0859888 0.113395
0 0.243355 0.267588 0.0452074 0.123984 0.11135
0 0.167246 0.129412 0.0253311 0.112293 0.10841
0 0.243244 0.249157 0.0419223 0.109178 0.105189
0 0.307069 0.199898 0.0329238 0.0916727 0.104281
