0 0.848591 0.818349 0.0325318 0.0823864 0.549028
0 0.248671 0.0699675 0.0344778 0.096511 0.531169
0 0.531022 0.629226 0.0199057 0.0979557 0.441137
0 0.189738 0.838275 0.0467507 0.10172 0.379388
0 0.0929044 0.751877 0.0337283 0.108302 0.373349
0 0.946109 0.732938 0.0346266 0.121517 0.364252
0 0.950007 0.122887 0.0317202 0.0893951 0.36377
0 0.789825 0.973447 0.0262547 0.0531062 0.330117
9 0.630343 0.510754 0.0280849 0.0988307 0.314588
0 0.120272 0.762433 0.0330885 0.11827 0.307796
0 0.0971206 0.237606 0.0345447 0.165003 0.303545
0 0.690977 0.834193 0.0363159 0.0898882 0.299989
0 0.0184678 0.617991 0.0369011 0.154011 0.284889
0 0.979458 0.972654 0.0391631 0.0546913 0.275811
0 0.759769 0.740801 0.0333405 0.118903 0.247015
0 0.663963 0.903364 0.024297 0.0857192 0.235779
0 0.884044 0.929028 0.0299063 0.0913436 0.235147
0 0.192949 0.599488 0.0256243 0.0900407 0.219011
0 0.110441 0.509947 0.0356835 0.104639 0.20074
0 0.0959286 0.215884 0.0274188 0.120041 0.191511
0 0.13971 0.312941 0.0416327 0.147805 0.189391
0 0.903651 0.975195 0.0314634 0.0496093 0.185746
9 0.740086 0.286869 0.0325382 0.0945839 0.183126
0 0.860576 0.553931 0.0356298 0.19892 0.181655
0 0.912101 0.434157 0.0333186 0.111909 0.179853
0 0.762876 0.898171 0.0296683 0.0992093 0.171685
0 0.620717 0.969279 0.0381339 0.0614418 0.171086
0 0.145196 0.292361 0.0312862 0.129227 0.167592
0 0.796932 0.657524 0.0437102 0.117501 0.154509
0 0.765857 0.875162 0.0352536 0.131896 0.150572
0 0.807948 0.399821 0.0365295 0.0973162 0.150246
0 0.0401459 0.13854 0.0370345 0.0963573 0.147029
30 0.247605 0.106092 0.0380549 0.0325295 0.14673
0 0.121078 0.750062 0.0282063 0.09102 0.142594
0 0.00786474 0.283497 0.015686 0.108627 0.12754
0 0.666113 0.889988 0.0244614 0.0566285 0.125572
0 0.0948982 0.18625 0.0232467 0.0603557 0.124807
0 0.14224 0.331504 0.0455515 0.112743 0.121436
0 0.858107 0.530716 0.0416515 0.174188 0.118957
0 0.0139754 0.727623 0.0279507 0.170103 0.11839
0 0.186693 0.824015 0.0385839 0.077511 0.116336
0 0.988414 0.646184 0.0227891 0.347175 0.113033
0 0.0596517 0.0350464 0.0559566 0.0700928 0.112434
36 0.190848 0.8617 0.0460156 0.0595676 0.112295
0 0.0948127 0.227346 0.0352103 0.126731 0.109979
0 0.143491 0.258103 0.0265403 0.0605728 0.109357
0 0.71535 0.735881 0.0383718 0.132367 0.108959
9 0.63672 0.508704 0.0404213 0.107738 0.1043
0 0.095809 0.267892 0.0352871 0.109924 0.101866
