0 0.377359 0.0486444 0.0268995 0.0858788 0.466361
0 0.707478 0.804347 0.0298836 0.0913024 0.45888
0 0.847618 0.710263 0.0299819 0.118884 0.390583
0 0.0590308 0.80071 0.0391315 0.118131 0.372906
0 0.815898 0.173337 0.0399159 0.0874071 0.368671
0 0.851622 0.967818 0.0292358 0.0643645 0.355038
0 0.00830365 0.676099 0.0166073 0.173726 0.347397
0 0.063812 0.926571 0.0447086 0.0984499 0.333359
0 0.64534 0.960659 0.02446 0.0786814 0.330644
0 0.100232 0.215327 0.0298101 0.115317 0.329489
0 0.362586 0.892565 0.0400237 0.104347 0.32112
0 0.776962 0.960176 0.0393246 0.0760695 0.31667
0 0.477175 0.95855 0.0443787 0.0774858 0.279109
0 0.553454 0.857498 0.0324456 0.0886395 0.266859
0 0.227185 0.243886 0.0435322 0.158688 0.254392
0 0.966039 0.784538 0.0235954 0.103553 0.251337
0 0.152228 0.773175 0.0350744 0.091206 0.246233
0 0.602678 0.888074 0.0399193 0.0947361 0.237802
0 0.954528 0.51967 0.0271828 0.09383 0.229064
0 0.0855718 0.126511 0.025293 0.0714135 0.225099
0 0.233829 0.766673 0.0402314 0.129287 0.219328
0 0.84286 0.967384 0.0464771 0.0652321 0.211737
30 0.381116 0.0869092 0.03721 0.0259682 0.196485
0 0.0193288 0.209152 0.0386577 0.0971265 0.195196
0 0.50001 0.867348 0.0327743 0.0805032 0.193814
0 0.0421765 0.741541 0.0608041 0.205027 0.191533
0 0.974664 0.786698 0.0391987 0.112734 0.183999
0 0.643464 0.740566 0.0262079 0.0956868 0.174493
9 0.143403 0.0338564 0.028771 0.0670093 0.165755
0 0.0795864 0.867481 0.0312402 0.0911075 0.158271
0 0.892959 0.571061 0.0413151 0.105563 0.150219
0 0.0634145 0.807212 0.0473464 0.14253 0.15015
0 0.360999 0.882681 0.0342213 0.0857051 0.149183
0 0.157709 0.621913 0.0260684 0.113759 0.134643
0 0.113523 0.318647 0.035366 0.133696 0.130047
0 0.748638 0.509427 0.0311517 0.100929 0.119585
30 0.311161 0.55437 0.0969556 0.50935 0.116322
0 0.641997 0.758338 0.0299318 0.132257 0.114126
0 0.648336 0.438626 0.0316635 0.106894 0.112144
0 0.0545401 0.80965 0.0326975 0.0982696 0.111148
0 0.689006 0.410586 0.0280316 0.0919555 0.110682
0 0.0541599 0.744896 0.043706 0.207163 0.109629
0 0.0521353 0.699218 0.039574 0.145748 0.106803
0 0.0194239 0.240114 0.0388478 0.160168 0.106433
0 0.118444 0.64333 0.0208805 0.0794646 0.10642
0 0.604974 0.726758 0.0267275 0.108921 0.10563
