0 0.544738 0.956746 0.0441586 0.0865071 0.489969
0 0.976296 0.84199 0.033657 0.0949605 0.442606
30 0.221827 0.553341 0.0939511 0.450657 0.428806
0 0.32982 0.857618 0.0410071 0.0935941 0.417543
0 0.907507 0.799759 0.0343215 0.094663 0.412678
0 0.840736 0.735193 0.0237871 0.0937149 0.369366
0 0.910547 0.810273 0.0424871 0.117403 0.305528
30 0.287817 0.608143 0.072954 0.533034 0.290445
30 0.166165 0.621165 0.0843809 0.490228 0.288727
30 0.0407653 0.622291 0.0815307 0.524626 0.285983
0 0.777432 0.946435 0.0484251 0.106414 0.267461
0 0.791903 0.62196 0.0243205 0.0978443 0.260388
0 0.548989 0.0503862 0.0264847 0.100772 0.242922
30 0.204324 0.586084 0.120072 0.53263 0.215086
30 0.0962852 0.635236 0.0842957 0.375038 0.210357
0 0.875041 0.645922 0.0251185 0.0935484 0.208657
0 0.538648 0.278561 0.0243416 0.0917979 0.198123
0 0.641205 0.815137 0.0310353 0.144249 0.189048
0 0.143615 0.950917 0.038849 0.0955552 0.18511
0 0.489823 0.866411 0.0575116 0.0895218 0.173117
30 0.292904 0.60391 0.107339 0.548003 0.169665
0 0.536729 0.442159 0.0255261 0.109987 0.168175
0 0.266453 0.171771 0.0397173 0.112549 0.167181
0 0.637507 0.139478 0.0220546 0.0947651 0.165148
0 0.240348 0.224898 0.0302975 0.0837097 0.16463
30 0.162188 0.533043 0.0634409 0.40062 0.163235
30 0.0891584 0.601636 0.0687488 0.372439 0.142905
0 0.479547 0.864455 0.0362093 0.0853573 0.142748
0 0.301032 0.970844 0.0296803 0.0583111 0.141864
30 0.186107 0.592516 0.076958 0.388635 0.138001
0 0.0890359 0.190458 0.0370529 0.128907 0.13791
30 0.118167 0.607335 0.112439 0.533868 0.134506
30 0.255625 0.552125 0.0635844 0.413498 0.132237
0 0.621554 0.329761 0.0246731 0.106248 0.129424
0 0.694077 0.664385 0.0335464 0.098507 0.12657
0 0.784159 0.936245 0.0351997 0.0861691 0.123887
0 0.671738 0.60251 0.0360873 0.0922406 0.122384
0 0.837097 0.563989 0.0301998 0.0857968 0.118674
30 0.348989 0.618061 0.0813177 0.519677 0.114709
0 0.0152978 0.501254 0.0304469 0.277639 0.111727
0 0.10566 0.348588 0.0374833 0.0939561 0.111358
30 0.364895 0.621278 0.0870203 0.507993 0.108411
30 0.34789 0.622341 0.0564424 0.503899 0.107622
0 0.594702 0.898467 0.0469462 0.0899093 0.10649
0 0.900339 0.44954 0.0260578 0.111169 0.10263
30 0.279346 0.570093 0.0722137 0.455249 0.100905
0 0.842378 0.558565 0.02313 0.0771101 0.100815
