0 0.816551 0.95595 0.0510107 0.0861981 0.597862
0 0.155464 0.95741 0.0389766 0.0829129 0.495255
0 0.435873 0.966089 0.0363086 0.0676423 0.488201
0 0.653275 0.812121 0.0355515 0.120209 0.470097
0 0.330982 0.128208 0.0357115 0.105199 0.429897
0 0.573745 0.858572 0.0297103 0.0896336 0.424278
0 0.473107 0.313433 0.0190879 0.0947224 0.365466
0 0.922245 0.224899 0.0316433 0.0943581 0.35867
0 0.487895 0.0796501 0.0292431 0.0967263 0.334382
0 0.227691 0.182469 0.0299582 0.0990111 0.328245
30 0.339296 0.628424 0.0585021 0.437118 0.316823
0 0.144212 0.325774 0.0264012 0.119841 0.296931
0 0.890147 0.285365 0.0239109 0.103929 0.225125
0 0.823523 0.195826 0.0320072 0.102032 0.204638
0 0.266057 0.310428 0.0251006 0.0974019 0.193925
0 0.126246 0.712337 0.0443798 0.180012 0.184437
0 0.109643 0.866323 0.0313413 0.089694 0.183981
0 0.740119 0.201406 0.0240885 0.091083 0.18336
0 0.691141 0.888028 0.028228 0.0855293 0.1822
0 0.490534 0.0824049 0.0363144 0.114473 0.178537
0 0.428169 0.981855 0.0230856 0.0362349 0.165648
0 0.527357 0.624806 0.0271206 0.121278 0.162023
0 0.375485 0.179603 0.021017 0.0747138 0.157778
0 0.740073 0.824513 0.0333611 0.144883 0.156077
30 0.310934 0.595429 0.0514962 0.518235 0.153681
0 0.920596 0.73556 0.0355934 0.101903 0.151974
30 0.377067 0.644888 0.0666212 0.458451 0.151682
0 0.604397 0.222221 0.0220275 0.0813254 0.149979
0 0.920856 0.781007 0.0364098 0.200195 0.149162
30 0.278262 0.596061 0.0622722 0.524104 0.148252
30 0.265872 0.604192 0.103637 0.545114 0.134961
0 0.594743 0.60258 0.0222464 0.0931736 0.133319
0 0.40239 0.359958 0.0337162 0.126678 0.132079
30 0.313236 0.550292 0.0435053 0.428944 0.126622
0 0.740673 0.427537 0.0250578 0.104993 0.12612
0 0.26045 0.0301321 0.0328075 0.0602642 0.123968
30 0.457991 0.601624 0.0576696 0.533561 0.12039
30 0.302093 0.612195 0.0747518 0.523708 0.115728
0 0.112568 0.842307 0.0441315 0.137966 0.111697
0 0.414001 0.526916 0.0257784 0.100902 0.111131
0 0.957841 0.319139 0.0357345 0.0894948 0.110876
0 0.107849 0.82051 0.0386928 0.127682 0.106148
0 0.380077 0.326714 0.0193436 0.0692567 0.105392
0 0.976716 0.369301 0.0276459 0.103518 0.10507
30 0.3085 0.519438 0.0404674 0.364296 0.10467
0 0.404195 0.348893 0.0284646 0.103661 0.103702
0 0.094872 0.295266 0.0290704 0.088749 0.102727
0 0.0626296 0.88007 0.0314543 0.0925775 0.102164
