0 0.669698 0.443124 0.024522 0.105978 0.39649
0 0.812412 0.962531 0.033602 0.0727471 0.388446
0 0.897508 0.785045 0.0236801 0.0866632 0.367311
0 0.866101 0.895797 0.029998 0.0982949 0.366854
0 0.507448 0.849734 0.0316957 0.0888682 0.351333
0 0.473331 0.22125 0.0376234 0.0888068 0.336238
0 0.111223 0.981731 0.0266927 0.0365377 0.317027
0 0.689463 0.92456 0.0461805 0.0890305 0.299995
0 0.153795 0.245654 0.0381359 0.127243 0.296933
0 0.548105 0.97394 0.0331141 0.0521205 0.276118
0 0.624862 0.251099 0.0280255 0.135378 0.255121
0 0.156151 0.945986 0.0309921 0.0996407 0.244697
0 0.745401 0.0943877 0.020323 0.0695942 0.243814
0 0.672065 0.0243502 0.0298775 0.0473175 0.239339
0 0.318885 0.0567305 0.0241712 0.109218 0.236489
0 0.184047 0.882385 0.0292432 0.0919584 0.233745
0 0.527566 0.981056 0.0222309 0.0378878 0.231658
0 0.770954 0.739772 0.0293755 0.0979144 0.23074
0 0.0115771 0.790711 0.0231542 0.138114 0.222379
0 0.802458 0.57669 0.0223732 0.100622 0.217339
0 0.0748578 0.879694 0.0346668 0.0920152 0.203643
0 0.107645 0.84109 0.04092 0.131432 0.198447
0 0.627505 0.23052 0.0231367 0.0979614 0.197611
0 0.0201731 0.790015 0.0402201 0.13881 0.196173
0 0.171966 0.794172 0.0298022 0.120872 0.163804
0 0.280409 0.973647 0.0351877 0.0514718 0.161701
0 0.0575755 0.445919 0.0210178 0.074839 0.151397
0 0.725672 0.414783 0.0296785 0.113574 0.149958
0 0.45772 0.965134 0.0435677 0.0697321 0.148239
0 0.752451 0.66701 0.0364026 0.11345 0.144438
0 0.258263 0.825617 0.0486841 0.1589 0.13584
0 0.389511 0.81071 0.053056 0.148721 0.122374
0 0.261839 0.876294 0.0431777 0.0966624 0.116765
0 0.896969 0.801727 0.026308 0.12435 0.1129
0 0.305231 0.176013 0.0353268 0.134304 0.109647
0 0.0110116 0.507909 0.0220232 0.143967 0.108055
0 0.514775 0.249125 0.0238867 0.0804257 0.105
0 0.25838 0.798742 0.0472155 0.1018 0.104788
