0 0.904978 0.720108 0.0361222 0.182262 0.585238
0 0.625331 0.211212 0.0298669 0.0931501 0.581611
0 0.663688 0.969176 0.0301235 0.0616473 0.517285
0 0.438437 0.965861 0.0290902 0.0682784 0.471045
0 0.349702 0.137119 0.0241118 0.103129 0.40611
0 0.198403 0.913799 0.0294325 0.0657844 0.396597
0 0.0395724 0.961115 0.0365706 0.0777701 0.342759
0 0.125715 0.97121 0.0404602 0.0575585 0.336217
0 0.60851 0.933403 0.031726 0.122902 0.314216
0 0.796368 0.469531 0.0263272 0.0995173 0.287967
0 0.772439 0.761103 0.0278025 0.0945432 0.28637
0 0.0322074 0.213979 0.0336837 0.10457 0.283696
0 0.607614 0.952031 0.0306769 0.0866777 0.264247
0 0.854474 0.463039 0.0452312 0.226808 0.258798
0 0.152468 0.191399 0.0213897 0.0944168 0.220557
0 0.611441 0.6917 0.0281085 0.0979338 0.21246
0 0.513323 0.800706 0.0334263 0.138558 0.198779
0 0.270406 0.962177 0.0388253 0.0723278 0.193098
0 0.611641 0.920234 0.0258753 0.0982452 0.184076
0 0.449717 0.966455 0.0521443 0.0670906 0.179873
0 0.187051 0.212419 0.0273451 0.100015 0.177196
0 0.411247 0.864989 0.0328073 0.10349 0.176929
0 0.553116 0.0381013 0.0304195 0.0762027 0.151514
0 0.347549 0.825583 0.0314086 0.138496 0.147801
0 0.966458 0.364528 0.0336662 0.0886541 0.141719
0 0.278568 0.290163 0.0245191 0.0869255 0.134495
0 0.0521206 0.180971 0.0220086 0.0940868 0.131051
0 0.514465 0.771589 0.0316166 0.0856624 0.127547
0 0.249282 0.77812 0.0319277 0.122342 0.117379
0 0.346886 0.857183 0.0335899 0.0794365 0.115333
0 0.309735 0.892456 0.0266935 0.086696 0.115154
0 0.176085 0.0446598 0.0286355 0.0877501 0.112602
0 0.784972 0.769504 0.0483603 0.131844 0.111645
0 0.974519 0.365073 0.0469669 0.0960951 0.111108
0 0.982157 0.364088 0.0309425 0.0941098 0.108979
0 0.197937 0.926417 0.0295534 0.0918659 0.102036
0 0.180667 0.361637 0.0209507 0.103471 0.101638
