0 0.888711 0.566715 0.0305669 0.0930097 0.370629
0 0.956237 0.439777 0.0255339 0.0920502 0.366216
0 0.950225 0.646513 0.0306177 0.0977654 0.340069
0 0.771213 0.756895 0.0276308 0.0935523 0.323234
30 0.301946 0.528042 0.0623143 0.412388 0.317451
0 0.521815 0.863535 0.0469567 0.0939514 0.310617
0 0.466084 0.949835 0.038326 0.0955083 0.296124
0 0.700257 0.805626 0.0377205 0.125117 0.288912
0 0.792356 0.230399 0.0346928 0.140429 0.265304
0 0.899886 0.79491 0.0238838 0.0860784 0.262229
30 0.152701 0.529434 0.0805504 0.418013 0.227894
0 0.0622906 0.944862 0.0412469 0.106644 0.227623
0 0.95306 0.473885 0.0333639 0.158903 0.206983
0 0.708925 0.913228 0.0375046 0.0798158 0.203149
0 0.14591 0.948235 0.0412439 0.102853 0.198924
30 0.335657 0.590415 0.0637476 0.47375 0.196189
0 0.551194 0.980192 0.0285238 0.0396154 0.179366
0 0.613494 0.248792 0.0229163 0.109209 0.17674
0 0.805981 0.639163 0.0197594 0.0608631 0.171274
30 0.0510073 0.668028 0.0914484 0.36207 0.169381
0 0.359156 0.977267 0.0283619 0.0454653 0.168042
0 0.573214 0.803079 0.026895 0.134552 0.167003
0 0.0639237 0.916493 0.0446359 0.167001 0.149261
0 0.52732 0.443613 0.0243847 0.0968902 0.145165
30 0.224632 0.412936 0.0450169 0.246033 0.132021
30 0.351107 0.614631 0.0515016 0.482066 0.128463
0 0.0932262 0.173753 0.0243588 0.102285 0.118697
0 0.484346 0.299797 0.0236514 0.091046 0.118671
0 0.471795 0.114301 0.0208576 0.086605 0.117281
0 0.257821 0.248735 0.017739 0.0938684 0.116959
30 0.239764 0.536997 0.076694 0.391369 0.116253
0 0.803389 0.653615 0.0258835 0.0862887 0.114703
0 0.207393 0.194702 0.0390183 0.113548 0.114294
0 0.427552 0.11295 0.0265194 0.110216 0.113419
0 0.345805 0.872568 0.042468 0.118029 0.113035
0 0.381085 0.116953 0.0230187 0.10054 0.109762
30 0.359552 0.631237 0.0591924 0.447512 0.108789
9 0.72231 0.628686 0.018588 0.090079 0.107566
30 0.0102254 0.915109 0.0204509 0.0282177 0.106705
30 0.209264 0.531994 0.0687241 0.434098 0.105008
30 0.382214 0.637395 0.0807705 0.439933 0.10326
