0 0.857866 0.809662 0.0314327 0.127215 0.4658
0 0.153892 0.960132 0.0442577 0.079737 0.434328
0 0.95078 0.711359 0.0363262 0.105689 0.409574
30 0.445823 0.658307 0.0547165 0.480886 0.333507
30 0.511526 0.612447 0.0521457 0.5736 0.3255
0 0.912637 0.96685 0.0302965 0.0663006 0.277058
0 0.809896 0.439239 0.0200908 0.105301 0.26905
0 0.904179 0.626825 0.040635 0.0976527 0.26168
0 0.188176 0.885666 0.0339369 0.137007 0.254858
0 0.966162 0.210255 0.0406025 0.13456 0.251216
0 0.41492 0.245046 0.0245323 0.107001 0.241134
30 0.531842 0.607738 0.0457892 0.577361 0.240767
0 0.449634 0.450051 0.02302 0.121166 0.234479
0 0.745149 0.797146 0.0315478 0.130097 0.225802
30 0.453859 0.681166 0.0740982 0.428732 0.220909
0 0.669329 0.959119 0.0392717 0.0817626 0.220234
0 0.37396 0.114159 0.0322576 0.116013 0.209826
0 0.200346 0.170887 0.0367808 0.103176 0.200848
0 0.544762 0.328066 0.0215141 0.0950592 0.191655
30 0.485661 0.67199 0.0547481 0.425129 0.184337
0 0.0163514 0.851208 0.0325584 0.129278 0.184294
0 0.0682883 0.32436 0.0260481 0.103577 0.178092
0 0.79425 0.706486 0.0398541 0.136306 0.174247
0 0.0792186 0.451055 0.0194012 0.0801992 0.155327
30 0.562685 0.599217 0.0392901 0.5542 0.148376
0 0.593323 0.257768 0.0212844 0.100065 0.139609
0 0.803779 0.739892 0.0225371 0.0802081 0.138544
0 0.840414 0.309127 0.0333981 0.0956171 0.133522
0 0.679108 0.286221 0.0245598 0.0845022 0.124686
0 0.701205 0.186558 0.0245941 0.104729 0.123553
30 0.461931 0.611163 0.0880837 0.590112 0.120263
0 0.627322 0.231748 0.0277155 0.0842383 0.119921
30 0.494698 0.601139 0.0683756 0.537609 0.116986
0 0.719535 0.948345 0.0282749 0.0915149 0.114806
0 0.799402 0.723337 0.0301966 0.109304 0.11144
30 0.578466 0.600728 0.0526047 0.566451 0.108284
30 0.25322 0.507521 0.0940017 0.344999 0.107203
0 0.606262 0.850295 0.0319067 0.0778523 0.105312
0 0.194958 0.821214 0.0269617 0.103641 0.103682
0 0.0966343 0.17889 0.0256621 0.0981991 0.103599
0 0.0186773 0.864609 0.0373324 0.162315 0.103303
