0 0.203179 0.0688891 0.0224066 0.0949268 0.545233
0 0.713284 0.92173 0.041597 0.0886942 0.533825
0 0.0540897 0.23469 0.0356631 0.140622 0.402423
9 0.779442 0.277625 0.0197244 0.0880104 0.365639
0 0.128026 0.81731 0.031225 0.0854081 0.310939
0 0.896131 0.824202 0.0332867 0.0823563 0.253816
0 0.0152993 0.415043 0.0242843 0.078232 0.250314
0 0.925416 0.933848 0.0391241 0.0924486 0.244004
0 0.0586125 0.490476 0.0359827 0.0907207 0.23974
0 0.0979755 0.332285 0.0340728 0.108915 0.236318
0 0.0986699 0.270947 0.027911 0.0686421 0.224396
0 0.986759 0.104738 0.025548 0.0916429 0.218157
0 0.0985927 0.294742 0.0324628 0.117753 0.213942
0 0.574231 0.623699 0.0276596 0.0891916 0.212886
0 0.0394511 0.98706 0.0216696 0.0258797 0.209614
0 0.0388727 0.751275 0.0317013 0.126962 0.200662
0 0.220029 0.586923 0.0221053 0.0605694 0.198635
0 0.0529766 0.254829 0.0355127 0.12237 0.19124
0 0.0403317 0.736203 0.0266322 0.0929615 0.184283
0 0.898569 0.492093 0.0326794 0.130637 0.181806
0 0.0105459 0.145161 0.0210193 0.0944664 0.17303
0 0.0845544 0.332215 0.0275399 0.107458 0.171608
0 0.0205625 0.0434657 0.0360594 0.0869315 0.170945
0 0.128503 0.804053 0.0282782 0.0627389 0.169447
0 0.799053 0.724359 0.0289968 0.100797 0.165169
0 0.667475 0.975673 0.0376871 0.0486539 0.159216
0 0.836473 0.975814 0.0255211 0.0483722 0.153869
0 0.0150263 0.433986 0.0279979 0.11855 0.151868
0 0.947629 0.446236 0.0344993 0.149048 0.149848
0 0.945415 0.973752 0.0296202 0.0524957 0.14918
0 0.80943 0.87593 0.0434738 0.151698 0.14826
0 0.928095 0.915884 0.0328431 0.0565775 0.131042
0 0.80864 0.904879 0.0434805 0.102438 0.124197
0 0.127597 0.833566 0.0338412 0.0627949 0.120099
0 0.0116986 0.0959894 0.0233138 0.191979 0.118663
0 0.82663 0.645296 0.0213776 0.0952014 0.102213
