0 0.480246 0.642358 0.0411228 0.086381 0.582692
0 0.240434 0.852804 0.0274891 0.0964074 0.582191
0 0.287908 0.065865 0.0258214 0.0902446 0.563365
0 0.933238 0.972209 0.0368732 0.055582 0.487561
0 0.803903 0.81251 0.0346711 0.0874116 0.439186
9 0.706529 0.291923 0.0222158 0.090127 0.428171
0 0.576155 0.967134 0.0365075 0.0657314 0.404746
0 0.908833 0.140061 0.0346048 0.0935186 0.338473
0 0.64659 0.836675 0.0233561 0.0843467 0.335832
0 0.742434 0.97192 0.0224352 0.0561598 0.313355
0 0.138447 0.754031 0.026155 0.102653 0.293747
0 0.155119 0.52396 0.0250818 0.103433 0.288654
0 0.611356 0.887446 0.0228977 0.077242 0.285513
0 0.140931 0.222064 0.038886 0.11726 0.279607
0 0.918169 0.744559 0.0238234 0.153765 0.269955
0 0.833828 0.944514 0.0438574 0.10626 0.261209
0 0.710531 0.909644 0.043854 0.113159 0.256401
0 0.0611862 0.746856 0.0411438 0.125455 0.253725
0 0.866856 0.972057 0.0238796 0.0557487 0.211057
0 0.684189 0.719663 0.0253614 0.0955585 0.189425
0 0.0598644 0.596842 0.0300511 0.100717 0.186738
0 0.0663223 0.746135 0.0295918 0.121886 0.183327
0 0.166887 0.742318 0.032383 0.149737 0.182981
0 0.963497 0.553382 0.0297431 0.157446 0.181147
0 0.193861 0.300926 0.0318691 0.136282 0.171283
0 0.168776 0.726992 0.0271157 0.117592 0.163694
9 0.569817 0.324542 0.0181467 0.081094 0.157444
0 0.719778 0.745089 0.0369641 0.12462 0.153362
0 0.0534794 0.738276 0.0293831 0.141079 0.152557
30 0.100786 0.566767 0.066199 0.295823 0.145302
0 0.914968 0.734904 0.0284199 0.135841 0.141994
0 0.0640959 0.142982 0.0287381 0.0992234 0.137548
0 0.0279577 0.328881 0.0501537 0.14283 0.135543
0 0.0172337 0.373417 0.0264844 0.0884903 0.126828
36 0.241818 0.889862 0.02741 0.026233 0.121573
0 0.140933 0.206216 0.0358074 0.0850793 0.121397
0 0.842628 0.926231 0.0245522 0.0680775 0.115298
0 0.917663 0.713302 0.023325 0.0907888 0.1113
0 0.963712 0.527469 0.0282164 0.110156 0.105105
0 0.193829 0.267713 0.0242058 0.0699826 0.104143
0 0.0372722 0.319587 0.0347986 0.120794 0.101056
