0 0.536128 0.953797 0.0543905 0.0924065 0.504768
0 0.908599 0.796343 0.0390251 0.0918857 0.379606
0 0.59415 0.192104 0.0262501 0.101193 0.304019
0 0.778087 0.624079 0.0255141 0.0999755 0.298447
30 0.354992 0.623187 0.0732168 0.51598 0.296421
30 0.413869 0.587959 0.060615 0.512571 0.282334
30 0.425778 0.597457 0.0747343 0.536868 0.257302
30 0.33977 0.639302 0.0506687 0.491486 0.240257
30 0.037702 0.627107 0.075404 0.440102 0.238993
0 0.84949 0.235216 0.0223936 0.115254 0.237689
0 0.631657 0.808727 0.036895 0.145097 0.23623
0 0.632972 0.158847 0.0221455 0.101752 0.221915
30 0.442603 0.639313 0.0713318 0.467961 0.217985
30 0.377201 0.612173 0.0843815 0.532739 0.216576
0 0.734874 0.294412 0.0331185 0.0923542 0.208003
0 0.0788178 0.889286 0.0407704 0.108572 0.206343
30 0.460876 0.653226 0.0767893 0.433085 0.204022
0 0.683607 0.671067 0.0380654 0.115774 0.201926
0 0.660728 0.60216 0.0248461 0.0930644 0.200776
30 0.48064 0.655824 0.0538371 0.417498 0.180638
0 0.765175 0.92422 0.0286692 0.0756896 0.178495
30 0.265914 0.588683 0.0499202 0.368891 0.17101
0 0.847023 0.559624 0.0305229 0.0950259 0.16988
0 0.992014 0.844724 0.0153306 0.0915894 0.168082
0 0.0770539 0.213436 0.0418919 0.0946027 0.164624
30 0.312793 0.646073 0.0602445 0.515137 0.159188
30 0.530275 0.612299 0.0567116 0.487079 0.151707
0 0.311964 0.969456 0.0282102 0.0610877 0.147269
0 0.01156 0.866073 0.0230483 0.105679 0.144973
0 0.50407 0.195001 0.0291591 0.0950076 0.144683
30 0.312279 0.599124 0.0427407 0.452213 0.143283
30 0.245156 0.523904 0.043291 0.407999 0.140392
0 0.846788 0.587277 0.0312575 0.151723 0.139903
0 0.824187 0.74784 0.039204 0.10127 0.136316
0 0.18963 0.746391 0.0284247 0.080862 0.130511
0 0.258652 0.195081 0.0483335 0.144418 0.125536
0 0.3522 0.160232 0.0234272 0.114623 0.119841
30 0.520465 0.609159 0.0554682 0.516396 0.119335
30 0.257772 0.530435 0.0473843 0.423777 0.116378
0 0.764534 0.939116 0.0315312 0.104231 0.113793
0 0.911922 0.444231 0.0214054 0.107375 0.112554
0 0.259562 0.173321 0.0459553 0.114833 0.112406
0 0.986073 0.845981 0.0273246 0.098628 0.108818
30 0.0466576 0.625088 0.0933152 0.520807 0.106186
30 0.276241 0.559214 0.0648246 0.426441 0.102969
0 0.53847 0.0564366 0.0267456 0.108651 0.10277
