0 0.698896 0.961743 0.0442986 0.0765131 0.520757
0 0.464477 0.859656 0.0340776 0.0935353 0.516098
0 0.834822 0.795635 0.0354969 0.165118 0.473168
0 0.763651 0.785582 0.0382409 0.1339 0.336062
0 0.736296 0.289056 0.0247976 0.107401 0.294417
0 0.788724 0.446183 0.0288336 0.112463 0.263233
0 0.944873 0.969459 0.0305721 0.0610825 0.250849
0 0.647972 0.228072 0.0297199 0.0898586 0.242432
0 0.932292 0.627196 0.0313144 0.0966794 0.22122
0 0.549813 0.854335 0.0232431 0.107109 0.22053
0 0.165751 0.880372 0.0325665 0.119216 0.204743
0 0.396016 0.104751 0.0355025 0.116149 0.190275
9 0.861311 0.313714 0.0341343 0.101105 0.173433
0 0.219875 0.155167 0.0200383 0.103056 0.155179
0 0.15595 0.963068 0.0480133 0.0738399 0.139909
0 0.266521 0.312283 0.0281011 0.100248 0.136472
0 0.700557 0.275471 0.0200592 0.0798839 0.132051
30 0.250638 0.656315 0.0942446 0.40845 0.130463
0 0.563531 0.329604 0.0211128 0.0892415 0.125427
0 0.977476 0.701281 0.0238153 0.107381 0.124646
0 0.698537 0.282177 0.024799 0.0909256 0.120123
30 0.228623 0.557137 0.084838 0.395307 0.11966
30 0.240251 0.61915 0.0930788 0.47056 0.11448
0 0.74637 0.955634 0.0364264 0.0887319 0.111783
0 0.73626 0.57906 0.0297439 0.132819 0.110178
0 0.551771 0.217968 0.0345936 0.093614 0.102331
30 0.469601 0.555732 0.0618385 0.498055 0.100716
