0 0.717431 0.915263 0.0279656 0.0870201 0.386497
0 0.47814 0.953366 0.0473102 0.0899115 0.291151
0 0.900283 0.811417 0.024132 0.119274 0.289608
0 0.813149 0.0494659 0.0242825 0.0964074 0.281967
0 0.812759 0.653444 0.025798 0.0910907 0.255725
0 0.348765 0.976285 0.031887 0.0474293 0.252101
0 0.882119 0.563918 0.0289395 0.0934054 0.250649
0 0.782288 0.753773 0.0212657 0.0998868 0.249563
0 0.690587 0.962992 0.0417089 0.0740151 0.223514
0 0.588344 0.790673 0.0420575 0.178976 0.214002
0 0.94668 0.492899 0.0313528 0.205298 0.208284
0 0.948331 0.455181 0.0284516 0.124717 0.178791
0 0.900609 0.797913 0.0203163 0.091979 0.168541
0 0.581443 0.435198 0.0314965 0.121584 0.160211
0 0.343954 0.127648 0.0233707 0.115673 0.14637
0 0.46659 0.197992 0.027883 0.0905699 0.145348
0 0.692327 0.803337 0.0283404 0.127996 0.136316
0 0.583611 0.824548 0.0430539 0.11288 0.135071
0 0.0656779 0.932748 0.0418582 0.103917 0.131958
0 0.594666 0.785845 0.0322054 0.171122 0.13184
0 0.410528 0.31803 0.0218946 0.0929232 0.125313
0 0.200849 0.0673175 0.0249455 0.107021 0.121368
0 0.958124 0.65161 0.0450463 0.0945386 0.118243
30 0.478957 0.475646 0.0612709 0.308736 0.115436
30 0.0563162 0.672982 0.111088 0.348266 0.111444
0 0.14601 0.94396 0.0449557 0.100706 0.10695
