0 0.714647 0.973546 0.0338381 0.0529078 0.522175
0 0.788629 0.836322 0.0272591 0.100246 0.386777
0 0.953818 0.676685 0.0344152 0.118232 0.378727
0 0.763856 0.841642 0.0295515 0.0866447 0.364238
0 0.327159 0.956491 0.039568 0.0854489 0.340654
0 0.67681 0.215555 0.0371497 0.0907183 0.338992
0 0.612003 0.778975 0.0247961 0.114593 0.326945
0 0.361784 0.0978901 0.0247358 0.109175 0.323028
0 0.508826 0.0390733 0.0295788 0.0781466 0.320788
0 0.498661 0.962216 0.0241598 0.0752457 0.314884
0 0.90229 0.768169 0.0225085 0.0891293 0.288827
0 0.788948 0.822356 0.0251471 0.072374 0.261695
0 0.09304 0.794927 0.0426787 0.0935749 0.238309
0 0.653654 0.953949 0.0241434 0.086559 0.232587
9 0.307543 0.0217302 0.033361 0.0434604 0.209958
30 0.268336 0.490758 0.0680105 0.36006 0.209321
0 0.229456 0.198555 0.0268615 0.0999552 0.197982
0 0.678043 0.404819 0.0274517 0.0984819 0.193049
0 0.376572 0.389476 0.0238947 0.111244 0.190935
0 0.837977 0.483721 0.0307262 0.0958721 0.189565
0 0.134201 0.0475824 0.0400963 0.0898873 0.183268
0 0.238348 0.9226 0.0450527 0.103552 0.182239
0 0.330627 0.626833 0.023539 0.0858898 0.169571
0 0.141015 0.905206 0.02858 0.064686 0.15788
0 0.151123 0.21785 0.04261 0.101158 0.149926
0 0.144697 0.573568 0.0226083 0.0919375 0.141235
0 0.77887 0.582512 0.0371458 0.102296 0.137868
0 0.142074 0.917914 0.0312719 0.0868958 0.132962
0 0.899633 0.779917 0.0279173 0.112182 0.125682
0 0.240859 0.288908 0.0282616 0.0959225 0.117101
0 0.547838 0.934487 0.0394405 0.124461 0.11605
0 0.563653 0.793508 0.0281973 0.0854479 0.113447
0 0.176406 0.317436 0.0362036 0.0869965 0.105768
0 0.650542 0.959393 0.0250135 0.080703 0.105605
0 0.311862 0.797818 0.0483327 0.107054 0.10512
