0 0.766633 0.953898 0.0393609 0.0922031 0.572118
0 0.695115 0.454783 0.0326933 0.11372 0.34263
0 0.751258 0.414635 0.0225565 0.113235 0.303188
0 0.287206 0.0530951 0.0254316 0.10619 0.282358
0 0.367867 0.200391 0.0318434 0.107696 0.239864
0 0.882749 0.399836 0.0245484 0.10055 0.216325
0 0.718808 0.633273 0.0254521 0.0993151 0.203366
0 0.556716 0.973826 0.0361143 0.0523475 0.20112
0 0.129847 0.233163 0.0402477 0.120725 0.174618
0 0.65011 0.894755 0.0260557 0.0775558 0.16359
0 0.301544 0.226866 0.0254765 0.109968 0.154852
0 0.16834 0.953444 0.0366247 0.0902285 0.131168
0 0.769372 0.0850212 0.0209063 0.0564844 0.114176
0 0.896939 0.848858 0.0358961 0.232297 0.113453
0 0.288139 0.638847 0.0268577 0.0796842 0.108511
0 0.770369 0.0985182 0.0254509 0.0836625 0.107962
0 0.145427 0.791553 0.0306735 0.0996131 0.102354
0 0.306558 0.977952 0.0235665 0.0440962 0.101057
