0 0.0382748 0.971936 0.0318972 0.0561271 0.57802
0 0.661711 0.902106 0.0317032 0.10017 0.460466
0 0.146353 0.949141 0.038239 0.101718 0.458237
0 0.425258 0.957232 0.038669 0.0852853 0.355986
0 0.637241 0.743263 0.0385334 0.108003 0.31297
0 0.541957 0.810544 0.0387653 0.13912 0.306442
0 0.364853 0.867805 0.0388348 0.125039 0.299946
0 0.174295 0.210325 0.0429384 0.114086 0.295744
0 0.106152 0.868965 0.0331029 0.101775 0.293545
0 0.51477 0.979058 0.0252491 0.0418848 0.276392
0 0.270105 0.264924 0.044797 0.132763 0.259289
0 0.915501 0.603404 0.0424591 0.169039 0.234447
0 0.75834 0.23557 0.0272377 0.138172 0.232086
0 0.382356 0.0820829 0.021196 0.0965928 0.227528
0 0.216912 0.258416 0.0357417 0.0909561 0.208415
30 0.0544397 0.456995 0.0748717 0.263748 0.185066
0 0.238817 0.878726 0.0439547 0.164405 0.181508
0 0.261409 0.280429 0.0282006 0.0966944 0.17987
0 0.729099 0.80762 0.0437248 0.161582 0.176193
0 0.402651 0.0787925 0.0192247 0.106309 0.17533
0 0.0894529 0.170521 0.0285861 0.0986166 0.167495
0 0.59861 0.292307 0.0268474 0.0982843 0.164958
0 0.0324747 0.882176 0.033499 0.0892933 0.154073
0 0.429116 0.200521 0.0337097 0.0923417 0.151819
0 0.342485 0.0876407 0.0243583 0.111688 0.151527
0 0.270915 0.244901 0.0420396 0.0895984 0.142359
30 0.646761 0.540308 0.0333721 0.439664 0.135497
0 0.454461 0.300184 0.021485 0.0832275 0.130759
0 0.730654 0.793704 0.0349681 0.132318 0.122388
0 0.633169 0.970928 0.0467505 0.0581431 0.120658
0 0.338719 0.219188 0.0396882 0.125785 0.117327
30 0.192461 0.554737 0.0678945 0.390048 0.110148
0 0.461255 0.0802946 0.0378206 0.108067 0.107021
0 0.183752 0.104158 0.0284353 0.104609 0.106124
