0 0.737694 0.80608 0.0301253 0.143848 0.436994
0 0.652984 0.958697 0.0438372 0.0826065 0.402531
0 0.510736 0.859112 0.0259455 0.100847 0.372789
0 0.426223 0.862803 0.0356025 0.0865996 0.372684
0 0.151297 0.961065 0.0419219 0.0778701 0.363558
0 0.893217 0.964907 0.0359403 0.0701869 0.338537
0 0.33644 0.250422 0.0242048 0.110646 0.336478
0 0.870609 0.809464 0.0388245 0.131803 0.321992
0 0.193486 0.882947 0.044983 0.134816 0.315337
0 0.138422 0.267397 0.0384246 0.0934659 0.288243
0 0.184563 0.172629 0.0249332 0.0991306 0.286707
0 0.893188 0.624766 0.0255867 0.100312 0.257297
0 0.244467 0.329924 0.0316686 0.139649 0.210158
0 0.705007 0.949851 0.0454751 0.0978384 0.207161
0 0.313011 0.314797 0.0194886 0.0913401 0.180764
30 0.916338 0.531049 0.0839485 0.456653 0.154863
0 0.817292 0.444138 0.0283771 0.109198 0.154569
0 0.460554 0.464993 0.0304027 0.0964967 0.151657
30 0.255144 0.501025 0.0984926 0.341174 0.14276
0 0.308049 0.470298 0.038869 0.133804 0.141847
0 0.152659 0.0769146 0.0407709 0.102209 0.136081
0 0.385518 0.240053 0.0224937 0.106421 0.134879
0 0.0688774 0.0499228 0.0513656 0.0998455 0.127205
0 0.957339 0.217181 0.0267277 0.11738 0.125492
0 0.361515 0.130156 0.0283379 0.0937724 0.122842
0 0.0585335 0.326075 0.0348143 0.0971809 0.11854
0 0.588153 0.1775 0.0254772 0.0953745 0.118537
0 0.472821 0.357773 0.0212145 0.144534 0.115748
0 0.472627 0.332295 0.0214383 0.0918525 0.110172
0 0.660879 0.591123 0.0231224 0.0873299 0.108421
0 0.216577 0.438078 0.0370366 0.13808 0.107495
0 0.172278 0.354823 0.0281462 0.122893 0.106844
0 0.0328407 0.605309 0.0292892 0.0892578 0.106487
0 0.533905 0.337047 0.0278725 0.109755 0.106299
0 0.367646 0.255426 0.0222695 0.104218 0.100789
0 0.69041 0.185082 0.0241713 0.0954367 0.100243
