0 0.0575394 0.952304 0.0406842 0.0953914 0.513557
0 0.783651 0.231325 0.0296776 0.141992 0.436379
0 0.609095 0.254869 0.0236912 0.102712 0.324467
0 0.965386 0.451242 0.0251467 0.120502 0.311876
0 0.712068 0.8046 0.0285767 0.108773 0.24196
0 0.455488 0.95105 0.0385498 0.0909849 0.217389
0 0.892623 0.562124 0.026205 0.0896767 0.21689
0 0.669607 0.958976 0.047763 0.0820482 0.214452
30 0.0839097 0.698916 0.0582353 0.337286 0.200019
0 0.509479 0.859924 0.0342858 0.0939839 0.182494
0 0.567393 0.804516 0.0300683 0.139414 0.177801
0 0.380118 0.107629 0.021252 0.103231 0.177558
0 0.549644 0.978884 0.0280434 0.0422312 0.171195
30 0.818397 0.0446547 0.029944 0.0893094 0.165332
30 0.0432403 0.683173 0.0768271 0.343885 0.157282
0 0.146585 0.947655 0.0403098 0.101039 0.144791
0 0.453463 0.198388 0.0342399 0.090963 0.137627
30 0.149752 0.588027 0.0851879 0.530087 0.136145
0 0.78839 0.660576 0.0407622 0.09994 0.136131
0 0.678848 0.294473 0.033206 0.0875751 0.129848
30 0.38745 0.642499 0.0646088 0.450623 0.118504
0 0.369806 0.979523 0.0221606 0.0409546 0.117363
0 0.0598418 0.35173 0.0283732 0.100222 0.114567
30 0.364992 0.644467 0.0787388 0.458278 0.111474
0 0.475955 0.29907 0.0225631 0.083655 0.111129
0 0.700098 0.400853 0.0205715 0.0912354 0.1082
0 0.116518 0.329658 0.0504249 0.152928 0.104736
0 0.196355 0.195977 0.0328125 0.123195 0.10003
