0 0.758226 0.195532 0.0356365 0.088145 0.54333
0 0.0426106 0.942221 0.0405101 0.115558 0.457499
0 0.644347 0.80476 0.023145 0.0959544 0.400447
0 0.076273 0.219847 0.0377826 0.102275 0.362023
0 0.962693 0.0803631 0.0291675 0.0904828 0.352186
0 0.930311 0.766479 0.0286982 0.0956338 0.317502
0 0.155205 0.213441 0.027425 0.109804 0.314986
0 0.804375 0.969692 0.0317433 0.0606153 0.295796
0 0.977861 0.572211 0.0326779 0.098007 0.278107
0 0.215643 0.781703 0.0387674 0.106664 0.223894
0 0.800292 0.700547 0.0261463 0.117426 0.222528
0 0.151186 0.89683 0.062486 0.126189 0.221968
0 0.0902416 0.148676 0.0244967 0.105439 0.214369
0 0.142349 0.927191 0.0512851 0.108672 0.211578
0 0.115277 0.692129 0.0397195 0.166112 0.208275
0 0.042871 0.968429 0.0403184 0.0631424 0.202117
0 0.179964 0.575241 0.0330459 0.146618 0.193138
0 0.3895 0.347072 0.0420492 0.0900793 0.18056
0 0.167872 0.285246 0.019704 0.0937183 0.180172
0 0.59139 0.958757 0.0286642 0.0814339 0.179297
0 0.410218 0.960409 0.0490143 0.0791829 0.161532
0 0.76501 0.960084 0.0273398 0.0798313 0.151094
0 0.495328 0.866772 0.040597 0.0859459 0.150415
0 0.158849 0.884833 0.0433838 0.10232 0.149994
0 0.28377 0.253716 0.0396341 0.159479 0.146187
30 0.147518 0.634919 0.0473061 0.368261 0.145651
0 0.040579 0.927576 0.0341489 0.0892977 0.141491
0 0.145553 0.915341 0.0570128 0.150415 0.140368
0 0.585972 0.929222 0.0364223 0.138634 0.137378
0 0.21833 0.774517 0.028936 0.088512 0.135462
0 0.433865 0.0418115 0.0260939 0.083623 0.133723
0 0.932279 0.77115 0.0374268 0.1049 0.133056
0 0.581042 0.917015 0.0312673 0.119537 0.126903
0 0.122365 0.799064 0.0333139 0.0865855 0.124927
0 0.75782 0.216614 0.0375492 0.0514362 0.122066
30 0.336959 0.511654 0.0497588 0.411843 0.1185
0 0.389901 0.369476 0.0398434 0.135012 0.11751
30 0.0477402 0.540305 0.0954804 0.481575 0.114929
0 0.0293438 0.232228 0.0358994 0.10322 0.114878
31 0.156467 0.958205 0.0231068 0.0249577 0.113972
0 0.0499827 0.0472113 0.0267115 0.0897843 0.110402
0 0.542897 0.877987 0.0363318 0.0947482 0.106409
0 0.798076 0.71317 0.0255428 0.147617 0.10574
0 0.400165 0.284269 0.0204326 0.0941459 0.103772
9 0.214656 0.029209 0.0384491 0.0583817 0.102535
0 0.0365093 0.346902 0.0435263 0.126329 0.101728
0 0.152814 0.498358 0.0226685 0.0956375 0.101054
