0 0.761843 0.958453 0.047275 0.0830938 0.578678
0 0.806449 0.867483 0.037205 0.100445 0.446123
0 0.969071 0.558061 0.0358944 0.0926381 0.375773
0 0.574146 0.871104 0.0342453 0.0878389 0.354327
0 0.244757 0.942819 0.0335405 0.114363 0.341604
0 0.422721 0.971133 0.033183 0.0577335 0.317967
0 0.898123 0.981494 0.025539 0.0370126 0.303328
0 0.92585 0.544071 0.0232606 0.0945041 0.295666
0 0.703634 0.527322 0.0367129 0.0923931 0.275991
0 0.163654 0.817672 0.0311428 0.0932518 0.26854
0 0.679789 0.423468 0.0237639 0.131068 0.244001
0 0.456465 0.831698 0.045355 0.115933 0.242741
0 0.822822 0.631093 0.0402304 0.0904095 0.235185
0 0.0721618 0.799404 0.0260569 0.110147 0.202846
0 0.350209 0.982068 0.0354229 0.0358635 0.201516
0 0.203397 0.256792 0.038328 0.117004 0.193228
0 0.973764 0.556504 0.0286549 0.0860916 0.178299
0 0.590543 0.289599 0.0323056 0.0981959 0.174092
0 0.652293 0.786407 0.0244596 0.0896066 0.166954
0 0.236569 0.367121 0.0253831 0.0885002 0.16618
0 0.535174 0.968333 0.0429893 0.0633345 0.163774
0 0.712158 0.746387 0.0246327 0.121994 0.160092
0 0.652597 0.822502 0.0271309 0.0797539 0.153203
0 0.56909 0.88487 0.0435348 0.115206 0.148731
0 0.537927 0.959069 0.0496725 0.0818629 0.141877
0 0.462819 0.826047 0.0323435 0.122679 0.138964
0 0.897999 0.792098 0.021717 0.0873091 0.133879
0 0.146453 0.947753 0.0370981 0.0938179 0.132998
0 0.139209 0.158362 0.0296899 0.102523 0.123713
0 0.452294 0.844614 0.0525779 0.11509 0.12026
0 0.39693 0.731292 0.0609192 0.271937 0.115801
0 0.110458 0.888372 0.0411425 0.0680458 0.114768
0 0.225995 0.980278 0.0232225 0.0394446 0.113496
0 0.973549 0.566965 0.0447604 0.109989 0.100219
