0 0.945278 0.549976 0.0416081 0.12735 0.504089
0 0.795249 0.966282 0.0338825 0.067435 0.459622
0 0.0888907 0.890418 0.0388438 0.0837232 0.443676
0 0.707139 0.247543 0.0415836 0.143864 0.429253
0 0.454953 0.973594 0.037323 0.0528123 0.37152
0 0.201496 0.980117 0.0275684 0.0397669 0.366177
0 0.3781 0.970747 0.0425527 0.0585063 0.363651
0 0.851867 0.630859 0.0289315 0.0970705 0.357739
0 0.263477 0.889409 0.0306492 0.119989 0.342522
0 0.490915 0.80428 0.0391165 0.162472 0.324618
0 0.777387 0.860038 0.0409271 0.112044 0.320499
0 0.604362 0.883919 0.0378559 0.0943095 0.318186
0 0.166554 0.877917 0.0414005 0.0915674 0.296875
0 0.600849 0.900043 0.0494924 0.130323 0.291982
0 0.635149 0.631917 0.0338221 0.0942778 0.269267
0 0.0789167 0.757481 0.0283824 0.119498 0.227544
0 0.683708 0.128909 0.0313547 0.0934816 0.182609
0 0.774439 0.853882 0.031466 0.099651 0.173035
0 0.614325 0.293042 0.0274962 0.0939858 0.16828
0 0.284147 0.0533863 0.0243742 0.10077 0.162795
0 0.564526 0.967243 0.0403568 0.0655144 0.149562
0 0.155438 0.139241 0.0251509 0.102079 0.143269
0 0.658024 0.425297 0.0228011 0.116659 0.143241
0 0.351752 0.0500485 0.0214538 0.100097 0.139571
0 0.772619 0.401073 0.0341383 0.0984914 0.137154
0 0.827422 0.465042 0.0329216 0.0989046 0.131608
0 0.435487 0.0477395 0.0257063 0.095479 0.126343
0 0.191712 0.825681 0.0309684 0.0906244 0.126105
0 0.709398 0.654549 0.0202736 0.0892728 0.123338
0 0.706094 0.658171 0.0274839 0.097139 0.122443
0 0.414 0.838962 0.0421661 0.101441 0.111845
0 0.832557 0.460953 0.0223579 0.0916605 0.109745
0 0.289645 0.909821 0.0282186 0.100496 0.108421
