0 0.987555 0.0498744 0.023185 0.0990278 0.319236
0 0.0773103 0.219102 0.0479325 0.108942 0.295522
0 0.61805 0.972454 0.0245417 0.055093 0.285503
0 0.365214 0.926083 0.0773185 0.147289 0.246023
0 0.897103 0.775054 0.0230264 0.0927957 0.224045
0 0.2949 0.808131 0.0474001 0.162932 0.209598
0 0.175436 0.980516 0.031034 0.0389686 0.205881
0 0.861502 0.698353 0.0343967 0.115495 0.181314
0 0.576351 0.223744 0.0258576 0.114367 0.17767
33 0.594771 0.0333198 0.0202178 0.0666397 0.174869
0 0.0235598 0.926349 0.042091 0.147302 0.174451
0 0.586689 0.420272 0.0266994 0.125195 0.168986
0 0.787192 0.690399 0.0293663 0.0916718 0.166194
0 0.479974 0.887039 0.0312849 0.11519 0.161078
0 0.202331 0.807452 0.0304735 0.116563 0.160715
0 0.220489 0.046657 0.0348894 0.0933141 0.16013
0 0.449108 0.277208 0.0391267 0.0916225 0.140388
0 0.681015 0.907222 0.0206925 0.0562543 0.137665
0 0.675662 0.92813 0.0344322 0.1022 0.13098
0 0.201646 0.172547 0.0204508 0.0883035 0.130499
0 0.436213 0.701517 0.0320212 0.130682 0.127807
0 0.805287 0.408246 0.0297499 0.111078 0.126076
0 0.129432 0.655636 0.0318302 0.140139 0.124505
3 0.557794 0.956733 0.0454515 0.0865333 0.123222
0 0.089362 0.142743 0.0229677 0.0822901 0.117679
0 0.934152 0.386828 0.0400551 0.108531 0.116683
0 0.505234 0.603112 0.0254804 0.0766472 0.112886
0 0.971151 0.944993 0.0529827 0.109562 0.110133
0 0.252522 0.927916 0.0280742 0.0709607 0.107806
0 0.473752 0.746102 0.0330768 0.169843 0.106357
0 0.679725 0.922588 0.0249605 0.0891085 0.105953
0 0.012974 0.821265 0.0259108 0.106583 0.104942
0 0.532692 0.286797 0.0393137 0.0974971 0.104313
0 0.22751 0.206597 0.0241529 0.0961865 0.104043
0 0.476556 0.833153 0.0336168 0.164779 0.103004
0 0.0182595 0.0389593 0.0365191 0.0767258 0.102238
0 0.473074 0.720602 0.0293223 0.138502 0.101975
0 0.327181 0.161383 0.0268527 0.0943183 0.101625
