0 0.703755 0.212372 0.0384967 0.0904832 0.583749
0 0.367388 0.0671739 0.0236425 0.11562 0.514859
0 0.743841 0.974029 0.0271711 0.0519426 0.363466
0 0.700839 0.422974 0.0232653 0.13137 0.332378
0 0.903955 0.769522 0.027882 0.0908744 0.329517
0 0.979932 0.668367 0.0352836 0.112214 0.319026
0 0.357954 0.956699 0.0429245 0.0866018 0.309335
0 0.601626 0.821747 0.0251533 0.109555 0.306146
0 0.780454 0.881332 0.0267637 0.101061 0.302459
0 0.673964 0.956163 0.0344351 0.0853955 0.299316
0 0.862021 0.487813 0.0281761 0.0997883 0.295396
0 0.206714 0.204937 0.0306341 0.104043 0.277051
0 0.109241 0.920699 0.0299835 0.0953267 0.268997
0 0.211841 0.907817 0.0522833 0.127315 0.266113
0 0.543365 0.957126 0.0562966 0.0857473 0.261865
0 0.920078 0.0862467 0.0340521 0.0934483 0.25802
0 0.112657 0.934801 0.0402515 0.122413 0.255133
0 0.755743 0.890597 0.0274576 0.0838661 0.234704
0 0.5303 0.957938 0.0229546 0.0840225 0.229473
0 0.903191 0.786757 0.0277062 0.126106 0.22468
0 0.913333 0.404971 0.0366793 0.119137 0.224301
0 0.410853 0.277762 0.0434919 0.139543 0.192337
9 0.280625 0.0224455 0.03017 0.0448911 0.191289
0 0.487401 0.865905 0.0439301 0.0991601 0.1877
30 0.436668 0.566976 0.0778045 0.547913 0.18511
0 0.616922 0.897596 0.0264872 0.050608 0.181192
0 0.0219699 0.827577 0.0438066 0.102177 0.175464
0 0.540272 0.9566 0.0398035 0.0868005 0.175074
0 0.98059 0.731753 0.0384426 0.24495 0.174843
0 0.781107 0.858136 0.0254048 0.0539771 0.167015
0 0.483993 0.0348015 0.0206186 0.069603 0.152645
0 0.126484 0.219904 0.0369049 0.0913931 0.14904
0 0.427194 0.848203 0.0438787 0.116157 0.146493
30 0.296522 0.559091 0.0767228 0.505522 0.142815
0 0.166168 0.721204 0.0395372 0.243799 0.138601
0 0.0626632 0.791493 0.0343264 0.0976362 0.126069
0 0.601506 0.804252 0.0254048 0.0807959 0.124959
0 0.422597 0.837135 0.0470447 0.131859 0.123245
0 0.107117 0.047524 0.0365418 0.0868351 0.118123
0 0.597148 0.817234 0.0353338 0.116387 0.117598
0 0.928933 0.547703 0.0269147 0.0945054 0.111876
0 0.0356373 0.98098 0.0431089 0.038039 0.109934
0 0.218275 0.292078 0.0360802 0.0917713 0.107808
30 0.387958 0.587635 0.0612806 0.39543 0.107169
0 0.751427 0.890495 0.0352939 0.0915192 0.105402
0 0.169484 0.688554 0.0342845 0.180307 0.104787
0 0.431841 0.866934 0.0329187 0.0786092 0.102434
