0 0.353775 0.0580018 0.0326773 0.0932982 0.573312
0 0.327084 0.882648 0.0274389 0.0968185 0.510337
9 0.649653 0.304103 0.0206608 0.0898687 0.483568
0 0.207405 0.763596 0.0271927 0.114697 0.478823
0 0.200582 0.243157 0.0391545 0.165825 0.432297
0 0.505186 0.960924 0.0374813 0.0762682 0.415719
0 0.869628 0.968438 0.0379067 0.0631234 0.411264
0 0.0365154 0.836802 0.058008 0.21337 0.385747
0 0.981689 0.792175 0.0357962 0.100414 0.375419
0 0.734149 0.806242 0.0280439 0.0865658 0.357223
0 0.673513 0.965548 0.0245683 0.0689032 0.356416
0 0.530785 0.859112 0.0237436 0.0495243 0.315741
0 0.258137 0.302064 0.0375983 0.11853 0.301006
0 0.26139 0.273109 0.0323968 0.0996617 0.259182
0 0.25477 0.311463 0.0304511 0.0988837 0.253392
0 0.579299 0.846951 0.0304287 0.0716411 0.251631
9 0.111425 0.0355269 0.0276213 0.0710537 0.244726
0 0.0325457 0.791993 0.0633695 0.350114 0.243979
0 0.33014 0.885688 0.0354316 0.107493 0.230878
30 0.129462 0.695278 0.0564398 0.273636 0.203331
0 0.844887 0.167289 0.0356739 0.0921465 0.19932
0 0.807124 0.966904 0.0261818 0.0661927 0.181984
30 0.177452 0.566793 0.0798823 0.51659 0.180575
0 0.326903 0.591387 0.027697 0.0807912 0.174634
0 0.771018 0.924653 0.0269465 0.0577701 0.170005
30 0.0752913 0.715173 0.052774 0.224738 0.167643
0 0.659394 0.764252 0.0437786 0.132227 0.153821
2 0.0322232 0.0248825 0.0633745 0.049765 0.148528
0 0.845537 0.158283 0.0275105 0.0723899 0.136317
0 0.774051 0.922929 0.0201856 0.0529819 0.131477
30 0.171799 0.552965 0.119699 0.553784 0.131413
30 0.0295836 0.946286 0.0556151 0.0821867 0.123856
0 0.251421 0.302734 0.0219911 0.0969476 0.120125
30 0.0310329 0.95002 0.0472337 0.0599357 0.119349
30 0.0309649 0.958075 0.0407492 0.046793 0.118157
0 0.0266038 0.730926 0.0531652 0.239265 0.117977
0 0.529591 0.867387 0.028139 0.0664184 0.113796
30 0.278773 0.563577 0.0944148 0.521424 0.111722
0 0.0788933 0.455917 0.0417927 0.177171 0.111084
0 0.672951 0.444485 0.0259888 0.105737 0.110983
9 0.111295 0.0249128 0.0276151 0.0498256 0.110919
30 0.210424 0.620301 0.0691247 0.411297 0.106418
0 0.631613 0.881942 0.0246714 0.0859811 0.103725
0 0.0847094 0.13429 0.0232734 0.0839958 0.103071
