0 0.768579 0.955096 0.0440189 0.089808 0.561056
0 0.288813 0.0537415 0.0261447 0.106449 0.380858
0 0.556147 0.975048 0.0340893 0.0499033 0.240207
0 0.65374 0.902183 0.0319379 0.0874585 0.234974
0 0.694284 0.45402 0.0301769 0.113892 0.22594
0 0.300126 0.235753 0.0264127 0.114167 0.206655
0 0.76854 0.0994234 0.0228396 0.0855283 0.18909
0 0.749827 0.413407 0.0252788 0.114043 0.179651
0 0.369113 0.195841 0.0273346 0.100552 0.172017
0 0.166689 0.952436 0.0357821 0.0928584 0.157989
0 0.880811 0.396988 0.0261352 0.107143 0.152988
0 0.00743329 0.809229 0.0148666 0.0944021 0.136122
0 0.283803 0.846406 0.0349634 0.14386 0.135886
0 0.131624 0.237386 0.0396871 0.119148 0.123763
0 0.720539 0.629355 0.024481 0.0893465 0.123211
0 0.321205 0.333798 0.0261621 0.11948 0.115293
0 0.305048 0.97914 0.022465 0.0417203 0.100128
