0 0.0511129 0.957017 0.0434012 0.0818664 0.422118
0 0.682763 0.90645 0.0272116 0.0885914 0.330254
0 0.772135 0.237845 0.0420065 0.144224 0.318753
0 0.445764 0.954323 0.0458496 0.0908273 0.27701
0 0.707853 0.4111 0.0349006 0.102895 0.256668
0 0.658031 0.956461 0.056752 0.0870782 0.202838
0 0.142458 0.948274 0.0486397 0.103063 0.202563
0 0.0917935 0.874174 0.0434269 0.0985774 0.202442
30 0.295077 0.549814 0.0813033 0.450025 0.192945
0 0.475189 0.0754231 0.0236435 0.112414 0.189678
0 0.929759 0.642233 0.0277523 0.0962291 0.177004
0 0.781213 0.663123 0.0313531 0.104247 0.175837
0 0.90147 0.566112 0.0306465 0.0994362 0.172462
0 0.28442 0.823502 0.025455 0.0987865 0.170576
0 0.382047 0.101314 0.0227357 0.106585 0.16698
0 0.383696 0.983305 0.0292377 0.0333894 0.165304
0 0.975157 0.453137 0.0258876 0.116251 0.150452
0 0.903045 0.59368 0.0332931 0.151005 0.146455
0 0.543908 0.977957 0.0395666 0.0440853 0.145473
0 0.604719 0.435668 0.0309575 0.128403 0.13712
0 0.328548 0.233698 0.030813 0.0872881 0.134631
0 0.605314 0.264426 0.0255198 0.0873629 0.12175
0 0.443913 0.201516 0.0288215 0.0864166 0.119502
0 0.0154214 0.876324 0.030792 0.108051 0.112003
30 0.567599 0.719793 0.0544815 0.311238 0.105088
0 0.667961 0.297491 0.0362574 0.0986753 0.104018
0 0.233973 0.881085 0.0582922 0.156758 0.102621
0 0.248534 0.82978 0.0324266 0.0903652 0.10128
