0 0.435641 0.966469 0.0233004 0.0670627 0.518707
0 0.661174 0.968979 0.0294689 0.062042 0.507728
0 0.155446 0.191902 0.022392 0.0952404 0.493171
0 0.903283 0.719572 0.034367 0.187103 0.456525
0 0.623434 0.209936 0.0291182 0.0871991 0.454326
0 0.201285 0.924852 0.0282285 0.0853701 0.451509
0 0.349204 0.138646 0.0246829 0.104924 0.445946
0 0.793798 0.469986 0.025198 0.098693 0.404445
0 0.0394425 0.959709 0.0371783 0.0805826 0.392906
0 0.192381 0.211278 0.0345571 0.100578 0.371214
0 0.0326695 0.212006 0.031138 0.105779 0.367605
0 0.407453 0.864128 0.0272253 0.101017 0.345138
0 0.128555 0.971106 0.0400014 0.0577883 0.305423
0 0.350571 0.809004 0.0265386 0.104982 0.289859
0 0.614022 0.916689 0.0282435 0.0904183 0.271929
0 0.855986 0.0951853 0.0254426 0.0922854 0.261548
0 0.513857 0.769571 0.0315118 0.0809976 0.250405
0 0.513193 0.794805 0.0326535 0.133329 0.204898
0 0.554927 0.0380823 0.0311892 0.0761647 0.188946
0 0.968264 0.367117 0.0473531 0.0855708 0.188255
0 0.267343 0.960766 0.0358884 0.0759516 0.179746
0 0.612184 0.926017 0.0353304 0.109209 0.177976
0 0.180535 0.0450604 0.0351736 0.0885612 0.177385
0 0.271845 0.193435 0.026969 0.098064 0.176721
0 0.0536069 0.182582 0.0206555 0.096718 0.176278
0 0.773103 0.75964 0.0276897 0.0951475 0.174324
0 0.845771 0.409678 0.0324329 0.113989 0.171398
0 0.113166 0.234362 0.0310997 0.098535 0.161289
9 0.734319 0.565621 0.0220713 0.0900291 0.156719
0 0.0514754 0.79411 0.0490577 0.134535 0.149077
0 0.348497 0.824248 0.0305407 0.132248 0.148455
0 0.0596374 0.784477 0.0333527 0.112706 0.136057
0 0.78499 0.770133 0.0493307 0.133126 0.131638
0 0.387706 0.628319 0.0243546 0.0981031 0.126369
0 0.612621 0.690576 0.0255148 0.0962491 0.123306
0 0.627135 0.426115 0.0295486 0.130364 0.123289
0 0.155521 0.318568 0.0278344 0.115616 0.122667
0 0.293468 0.918727 0.0297519 0.0864647 0.115304
0 0.527083 0.893032 0.0289469 0.072716 0.109408
9 0.734557 0.547376 0.0234719 0.150681 0.108148
0 0.280063 0.278685 0.0232262 0.0912529 0.104053
0 0.408986 0.284933 0.0338115 0.114077 0.100991
0 0.0506099 0.38301 0.0236326 0.0793204 0.10012
