0 0.740923 0.805484 0.0313829 0.14539 0.396702
0 0.901612 0.625468 0.0388867 0.0972217 0.394876
0 0.191213 0.171386 0.0257214 0.101601 0.387081
0 0.15329 0.960465 0.0423324 0.0786852 0.364027
0 0.812699 0.442885 0.023489 0.112429 0.343187
0 0.861851 0.809818 0.0334385 0.132153 0.33655
0 0.191585 0.88585 0.0363633 0.137849 0.321706
0 0.663774 0.958997 0.0369272 0.0820064 0.308076
0 0.0627458 0.323429 0.025762 0.100546 0.291023
0 0.960572 0.222459 0.0330284 0.112181 0.238814
0 0.948755 0.710726 0.0328073 0.107625 0.210755
0 0.453989 0.450917 0.029965 0.124632 0.191402
0 0.449888 0.286128 0.0479698 0.102518 0.179514
30 0.44676 0.602593 0.0554415 0.512186 0.175159
0 0.173345 0.959834 0.0862517 0.0802678 0.171635
0 0.907234 0.964371 0.0280647 0.0712575 0.171565
0 0.0189878 0.980366 0.0258348 0.0392671 0.171292
0 0.367537 0.255334 0.0222615 0.096756 0.16976
0 0.836646 0.308531 0.0322706 0.0950266 0.160887
30 0.531331 0.591645 0.0420526 0.545242 0.159841
30 0.483103 0.609594 0.130988 0.596878 0.157078
0 0.335811 0.257743 0.0233438 0.112775 0.149639
0 0.638834 0.101451 0.0219246 0.0917529 0.149548
0 0.415626 0.244755 0.0231872 0.109281 0.14866
0 0.14725 0.0812952 0.0437034 0.105016 0.141394
30 0.5138 0.603796 0.0646149 0.592215 0.140371
0 0.131348 0.272436 0.0369508 0.101442 0.139785
0 0.792298 0.705784 0.033796 0.12923 0.132877
30 0.535259 0.510089 0.0411064 0.433167 0.131552
0 0.0799593 0.450822 0.0225619 0.0857568 0.130478
30 0.563192 0.594221 0.0462211 0.550455 0.127496
0 0.675291 0.28768 0.0267025 0.0869546 0.126697
0 0.707701 0.589884 0.0234686 0.0959004 0.12133
0 0.478187 0.32873 0.0239545 0.0768174 0.12022
0 0.105401 0.805033 0.0359642 0.129139 0.114475
30 0.52858 0.592504 0.0577105 0.630858 0.113508
0 0.624204 0.232172 0.0299641 0.0846366 0.112919
0 0.247876 0.331564 0.0314609 0.142256 0.104987
0 0.13259 0.257302 0.0378651 0.0727921 0.102443
