0 0.60279 0.837515 0.0285543 0.105617 0.508397
0 0.760947 0.960384 0.0403326 0.079232 0.422372
0 0.696363 0.21005 0.0289127 0.0893604 0.384005
0 0.518424 0.865372 0.0387297 0.10487 0.357799
0 0.475725 0.973819 0.0375508 0.0523611 0.357724
0 0.443695 0.0922225 0.0328496 0.114758 0.262996
0 0.725892 0.105717 0.0218663 0.0979172 0.255478
0 0.598455 0.226709 0.0288467 0.0939973 0.242889
0 0.156566 0.963371 0.0411482 0.0726098 0.240631
0 0.337143 0.322168 0.0229276 0.100358 0.234697
30 0.336485 0.598276 0.0693628 0.532738 0.232641
0 0.783733 0.835642 0.0327055 0.0945771 0.226767
0 0.697289 0.832551 0.026671 0.0901683 0.22566
30 0.926212 0.608939 0.0703613 0.529556 0.219692
0 0.201992 0.238321 0.0301198 0.101123 0.218569
0 0.6593 0.826881 0.0244732 0.103414 0.20672
0 0.660274 0.169819 0.0268723 0.101754 0.203801
0 0.470513 0.323601 0.0197636 0.0900025 0.197458
0 0.548248 0.60281 0.0283817 0.0960767 0.170528
0 0.129654 0.827314 0.02594 0.0954134 0.167664
0 0.0976875 0.183149 0.0254757 0.095141 0.163346
0 0.484198 0.621428 0.0246033 0.109039 0.15725
0 0.150486 0.297169 0.0231034 0.0860317 0.15388
0 0.278981 0.13874 0.0230524 0.106129 0.142141
0 0.69404 0.834543 0.0370106 0.0930157 0.140518
0 0.775401 0.190066 0.0274741 0.0967432 0.128643
0 0.441135 0.529415 0.0254326 0.0934039 0.125129
0 0.650646 0.828242 0.0182004 0.102178 0.123595
0 0.553945 0.219882 0.0210893 0.083534 0.122831
0 0.519806 0.853311 0.0287636 0.0808196 0.122031
0 0.609214 0.337203 0.0321443 0.0898321 0.115851
0 0.899171 0.804739 0.0362603 0.154723 0.1148
0 0.685573 0.837791 0.0253306 0.0923883 0.114185
0 0.52013 0.296074 0.0333345 0.101231 0.111272
0 0.118912 0.731406 0.0442417 0.13171 0.107983
0 0.742934 0.442672 0.027475 0.114555 0.105026
0 0.880393 0.63903 0.0308541 0.220227 0.104315
30 0.291399 0.578815 0.0714856 0.423328 0.102611
