0 0.765015 0.959276 0.0386151 0.0814478 0.584477
0 0.473317 0.973479 0.039247 0.0530417 0.570256
0 0.606469 0.833578 0.0257351 0.104175 0.561848
0 0.522592 0.866813 0.0379099 0.109135 0.526333
0 0.899723 0.806616 0.0350795 0.149748 0.399325
0 0.696977 0.209571 0.0296429 0.0891893 0.385234
0 0.781172 0.836758 0.0344894 0.0958684 0.334333
0 0.202653 0.239261 0.031029 0.106755 0.331931
0 0.660377 0.830055 0.0243841 0.102078 0.284936
30 0.336378 0.606074 0.07018 0.52616 0.262876
0 0.881157 0.228114 0.032856 0.0834857 0.250643
0 0.728812 0.10376 0.0284843 0.0941489 0.243575
0 0.550105 0.600488 0.0246469 0.0879591 0.242429
0 0.778994 0.188957 0.0260794 0.0967774 0.235359
0 0.699642 0.832737 0.0246621 0.0894706 0.23483
0 0.0977569 0.183224 0.0251832 0.0947491 0.234208
0 0.151875 0.292972 0.0212593 0.0806145 0.222525
0 0.472707 0.323625 0.021232 0.0911512 0.207851
0 0.337642 0.322641 0.0221577 0.0991785 0.207164
0 0.66189 0.19199 0.0277668 0.142261 0.20329
0 0.66282 0.171568 0.0293393 0.10277 0.203249
0 0.156244 0.963237 0.0407773 0.071924 0.19556
0 0.817625 0.972673 0.0292038 0.0546532 0.187747
0 0.128845 0.827836 0.0266039 0.0929774 0.184537
0 0.446065 0.0887071 0.0317015 0.108543 0.172485
0 0.523004 0.853238 0.0307754 0.0825303 0.168537
0 0.87807 0.708735 0.0230557 0.0944217 0.162754
0 0.281832 0.138019 0.0239761 0.104765 0.158887
30 0.32336 0.593908 0.094737 0.555321 0.15519
0 0.600544 0.22556 0.0294918 0.092097 0.153628
0 0.577088 0.67037 0.0325996 0.109365 0.149665
30 0.926086 0.605658 0.0713172 0.533848 0.146993
0 0.682927 0.841129 0.0184757 0.0881993 0.145846
0 0.815328 0.757028 0.0290625 0.129316 0.134244
0 0.485432 0.621877 0.0252803 0.107891 0.134156
0 0.526406 0.287481 0.0388373 0.115502 0.125764
0 0.07471 0.84986 0.0437615 0.0889054 0.124396
30 0.458071 0.535494 0.0469498 0.397846 0.122704
0 0.119878 0.729805 0.0466079 0.13287 0.117688
0 0.987173 0.704804 0.0252781 0.34319 0.116265
0 0.693875 0.83627 0.0372797 0.0948621 0.113952
30 0.295338 0.687481 0.0656397 0.347366 0.10525
0 0.736725 0.243895 0.0366204 0.101356 0.101972
0 0.884252 0.629642 0.0316907 0.181975 0.100241
