0 0.714115 0.961456 0.0386402 0.0770886 0.411412
0 0.874514 0.316197 0.0333277 0.0991197 0.330878
0 0.764357 0.960075 0.0293365 0.0798509 0.283117
0 0.777307 0.788875 0.0326353 0.137831 0.282078
0 0.824864 0.827659 0.0277447 0.102114 0.263455
0 0.236414 0.153184 0.0403833 0.101508 0.253158
0 0.791469 0.311547 0.0218216 0.102095 0.244157
0 0.847346 0.232667 0.0274277 0.0910544 0.239821
0 0.776155 0.444328 0.0218295 0.113259 0.223516
0 0.516698 0.325996 0.0193306 0.0758239 0.21316
0 0.627044 0.209216 0.0273047 0.165023 0.207102
0 0.278963 0.317528 0.031035 0.111036 0.192835
0 0.628195 0.174744 0.0252966 0.0963665 0.189078
0 0.511482 0.981456 0.028102 0.0370883 0.157717
0 0.182491 0.277089 0.0298056 0.0871849 0.151792
0 0.15684 0.965632 0.0438074 0.068736 0.146197
0 0.484012 0.863613 0.0434866 0.0995833 0.144154
0 0.660243 0.221113 0.0236531 0.0894762 0.135567
0 0.830536 0.609008 0.0379184 0.126772 0.133258
30 0.370591 0.525789 0.0590212 0.293729 0.123626
0 0.987129 0.209392 0.0250913 0.137051 0.119786
0 0.327843 0.0302981 0.0408284 0.0605963 0.118675
0 0.486047 0.263148 0.0303941 0.0712433 0.117826
0 0.408018 0.101019 0.0331387 0.121618 0.116326
0 0.991526 0.53178 0.0162347 0.10683 0.111123
0 0.701017 0.78711 0.047232 0.104813 0.105196
