0 0.170684 0.918499 0.0277483 0.0884938 0.550479
0 0.687262 0.972387 0.0331328 0.0552257 0.448918
0 0.0953884 0.972183 0.0374072 0.0556349 0.406391
0 0.648409 0.212959 0.036019 0.0879881 0.4055
0 0.464906 0.96338 0.0298361 0.0732403 0.316055
0 0.353847 0.12492 0.0249045 0.10968 0.311848
0 0.611526 0.727987 0.0288357 0.101952 0.29201
0 0.626683 0.955775 0.0288105 0.0884505 0.279396
0 0.767085 0.799367 0.0280085 0.0878635 0.267967
0 0.226365 0.789237 0.0316794 0.115017 0.248682
0 0.870188 0.407875 0.0240347 0.123557 0.227505
0 0.027032 0.798398 0.050832 0.157913 0.224522
0 0.157841 0.0465313 0.039595 0.090071 0.215495
0 0.530263 0.0373935 0.0320185 0.074787 0.207353
0 0.372806 0.861794 0.0398153 0.0855129 0.18671
0 0.0128535 0.209836 0.0256161 0.107196 0.18611
0 0.436299 0.821071 0.0359928 0.194484 0.161463
0 0.404842 0.783709 0.027119 0.109822 0.154909
0 0.0425355 0.982597 0.031691 0.0348056 0.146866
0 0.79026 0.795261 0.0308653 0.100303 0.1464
0 0.0328857 0.7776 0.0420673 0.117404 0.13136
0 0.125073 0.802555 0.0420711 0.0882479 0.1285
0 0.929197 0.682445 0.0352263 0.112274 0.125696
0 0.383304 0.278293 0.030562 0.0985651 0.11984
0 0.265878 0.930388 0.0364784 0.103585 0.111561
0 0.792835 0.771386 0.0221693 0.0557993 0.110989
0 0.252232 0.200657 0.027834 0.108395 0.110345
0 0.326742 0.792998 0.0233666 0.0913022 0.110173
9 0.339972 0.0180722 0.0244442 0.0339909 0.104451
