0 0.403774 0.0439919 0.0387493 0.0879838 0.512292
0 0.255586 0.250795 0.0409917 0.166046 0.391975
0 0.0850457 0.695269 0.0358936 0.158985 0.387608
0 0.786679 0.184067 0.0340987 0.0841208 0.379202
0 0.0903471 0.797859 0.0410179 0.109984 0.360276
0 0.447602 0.962557 0.0372781 0.0734255 0.343689
0 0.674399 0.812992 0.0231337 0.0960045 0.314985
0 0.514282 0.860315 0.036479 0.082674 0.311502
0 0.104545 0.923047 0.0455498 0.101137 0.310924
0 0.822428 0.972297 0.0374569 0.0554058 0.299582
0 0.615538 0.9574 0.0208982 0.0848751 0.264076
30 0.318683 0.610983 0.063413 0.430369 0.256468
0 0.583603 0.956506 0.0266161 0.0859449 0.247698
0 0.625794 0.444116 0.0238636 0.103293 0.246634
30 0.13388 0.655845 0.0631828 0.349926 0.223461
30 0.308054 0.568141 0.0605025 0.517845 0.209969
0 0.371314 0.28025 0.0199313 0.0838557 0.205184
0 0.458075 0.850652 0.0194682 0.0622018 0.19889
30 0.329427 0.555235 0.0792819 0.518996 0.198423
31 0.39811 0.973036 0.0327477 0.0539274 0.196661
0 0.317888 0.294588 0.0428016 0.124156 0.194146
30 0.106676 0.963449 0.0552856 0.0336444 0.184148
0 0.121948 0.449435 0.0386523 0.1553 0.183148
0 0.948329 0.782242 0.0358685 0.113307 0.181338
0 0.404783 0.884168 0.0256697 0.0639376 0.172885
0 0.12779 0.210318 0.0261433 0.0967081 0.169574
30 0.106376 0.956934 0.0512729 0.0403205 0.169295
9 0.601936 0.321113 0.0222292 0.0893301 0.168553
0 0.821816 0.705476 0.0249102 0.114202 0.16497
0 0.188569 0.784744 0.0353976 0.103375 0.15878
0 0.310677 0.302289 0.0269629 0.0998225 0.15776
0 0.615697 0.740972 0.0256229 0.0955962 0.155667
0 0.189419 0.772093 0.0322745 0.0839354 0.150678
0 0.283962 0.640943 0.0343516 0.251985 0.148493
0 0.516437 0.357456 0.0236988 0.0965823 0.143201
0 0.403489 0.898354 0.0314633 0.0935654 0.128266
0 0.953668 0.770479 0.0283327 0.0900436 0.12554
30 0.249441 0.362418 0.0605305 0.207516 0.123612
0 0.325435 0.282427 0.0269799 0.131129 0.119292
30 0.341587 0.532209 0.0622447 0.474698 0.118821
0 0.00984747 0.950352 0.019663 0.099296 0.116587
30 0.105007 0.973749 0.0573899 0.0510586 0.114151
0 0.257483 0.275026 0.0419319 0.121596 0.114033
0 0.710259 0.928387 0.0356943 0.0831546 0.113816
0 0.460747 0.853648 0.0273631 0.0683147 0.112161
30 0.370859 0.528525 0.0623326 0.383116 0.111602
0 0.123155 0.868673 0.0371326 0.0931459 0.106856
0 0.569558 0.876951 0.0282002 0.0846491 0.105342
0 0.754169 0.959665 0.0347909 0.0806407 0.104938
0 0.0128992 0.596357 0.0254235 0.141591 0.104164
30 0.131286 0.592791 0.0671089 0.441018 0.101739
