0 0.976794 0.556506 0.0456949 0.175054 0.357629
0 0.705789 0.782638 0.0264806 0.103162 0.355677
0 0.750994 0.401162 0.0327314 0.0936649 0.352888
0 0.735737 0.241489 0.0362214 0.145722 0.336655
30 0.341109 0.540279 0.052573 0.414078 0.325877
0 0.0575556 0.885395 0.0382017 0.0892209 0.293975
0 0.485646 0.976891 0.0225967 0.0462181 0.25144
0 0.402804 0.958976 0.0470384 0.0820486 0.234914
0 0.636767 0.890978 0.0406091 0.0865227 0.217023
0 0.381675 0.0548577 0.0224093 0.106793 0.196139
0 0.43679 0.0698651 0.0322586 0.124993 0.192491
0 0.27838 0.357999 0.0356615 0.11462 0.179314
0 0.211246 0.821935 0.0354821 0.0909228 0.172872
30 0.522107 0.70064 0.0501724 0.34774 0.170804
0 0.750904 0.844967 0.0428685 0.105515 0.168814
30 0.530742 0.594418 0.0551456 0.555389 0.166533
0 0.347316 0.0662725 0.0240529 0.112731 0.164197
0 0.932088 0.571278 0.0288334 0.0933723 0.16344
0 0.736571 0.649724 0.0250629 0.083071 0.16039
0 0.881042 0.639283 0.0299644 0.0945331 0.151532
0 0.639405 0.431211 0.0259245 0.12301 0.148673
0 0.13288 0.8656 0.0309925 0.0794282 0.144229
0 0.148145 0.228577 0.039684 0.118834 0.143284
0 0.595381 0.969731 0.0372862 0.0605375 0.143151
30 0.443111 0.597785 0.113082 0.572696 0.136977
30 0.295049 0.574274 0.056181 0.378679 0.136445
0 0.365999 0.245179 0.0362622 0.0966049 0.126339
0 0.146408 0.948114 0.0412745 0.0954987 0.122848
0 0.166621 0.125146 0.0281175 0.10866 0.109282
0 0.898697 0.793976 0.0234085 0.0882973 0.106837
0 0.832827 0.973394 0.0279659 0.0532116 0.106498
0 0.407649 0.198953 0.0281858 0.0881077 0.103598
0 0.24918 0.270812 0.0519791 0.136637 0.103503
0 0.496853 0.194634 0.0314227 0.107553 0.103361
30 0.454889 0.595497 0.0682787 0.548006 0.10286
