0 0.240126 0.952301 0.0310532 0.095398 0.574201
0 0.421555 0.0903777 0.0308679 0.104507 0.570957
0 0.98297 0.240621 0.0331408 0.105823 0.56111
0 0.66689 0.909448 0.035396 0.0998799 0.517089
0 0.690223 0.0584963 0.0196379 0.0980972 0.442739
0 0.644281 0.824081 0.0224751 0.0968771 0.411591
0 0.875193 0.114738 0.02332 0.0896182 0.411119
0 0.358661 0.968992 0.0428778 0.0620159 0.397888
0 0.79919 0.974404 0.0295965 0.0511923 0.371188
0 0.937046 0.927291 0.0421516 0.0946662 0.330285
0 0.302978 0.256826 0.0233411 0.103664 0.328427
0 0.148379 0.953866 0.0349523 0.0922689 0.321913
0 0.198821 0.154456 0.0230464 0.0971453 0.319793
0 0.348476 0.972736 0.0210421 0.0545284 0.307798
0 0.351682 0.970131 0.0274645 0.0597373 0.290009
0 0.778097 0.169612 0.0332525 0.133591 0.286274
0 0.575274 0.280633 0.0314302 0.103129 0.28558
0 0.703421 0.211403 0.0163324 0.0917775 0.281303
0 0.825032 0.181698 0.0286827 0.0908396 0.267314
0 0.654381 0.244941 0.0258247 0.0788792 0.266829
0 0.651884 0.266174 0.0285364 0.119456 0.248422
0 0.104709 0.885985 0.033509 0.0939801 0.244232
0 0.703135 0.672177 0.0246078 0.0991274 0.24158
0 0.575448 0.5358 0.031859 0.0940763 0.232365
0 0.672959 0.347889 0.0221446 0.0840792 0.229748
0 0.680601 0.831443 0.0249613 0.110312 0.221567
0 0.573425 0.0470907 0.0294647 0.0935057 0.211524
0 0.363089 0.958461 0.036222 0.0799839 0.211406
0 0.0994941 0.177961 0.0238 0.0790884 0.20695
0 0.912899 0.185404 0.0265744 0.101106 0.19647
30 0.456045 0.600442 0.0751883 0.545997 0.195981
0 0.874188 0.719982 0.0317841 0.109458 0.193873
0 0.939957 0.568589 0.0280693 0.094757 0.181549
0 0.421206 0.105949 0.0321951 0.0746188 0.176316
0 0.283543 0.0908601 0.0289343 0.109447 0.173864
0 0.650624 0.281171 0.0269428 0.0991573 0.165711
0 0.359423 0.952991 0.0412375 0.0940187 0.160834
0 0.357417 0.474461 0.0347031 0.195157 0.150206
0 0.607246 0.618173 0.0301111 0.12588 0.146411
0 0.869451 0.733507 0.0376152 0.109839 0.145574
0 0.188384 0.887764 0.037209 0.0842329 0.145552
0 0.36112 0.941309 0.0361211 0.0654443 0.142866
0 0.819592 0.706137 0.0360329 0.0982637 0.139541
0 0.679383 0.521292 0.0215244 0.103532 0.139119
0 0.430529 0.582556 0.0354286 0.0930995 0.137974
0 0.379371 0.412636 0.0204382 0.0960888 0.127749
0 0.649427 0.294877 0.0275374 0.088203 0.123252
0 0.336586 0.448517 0.0262822 0.152232 0.114191
0 0.392777 0.66892 0.0208852 0.0953319 0.112667
0 0.753318 0.565866 0.0202354 0.0844515 0.111446
0 0.359258 0.454818 0.0282359 0.15172 0.110992
0 0.738911 0.376219 0.0280816 0.102197 0.109624
0 0.91643 0.299208 0.025981 0.0889718 0.109549
0 0.101467 0.186929 0.0215179 0.0931901 0.108416
0 0.608596 0.319587 0.0181326 0.0807885 0.106441
0 0.820724 0.693758 0.0350325 0.0717652 0.106011
0 0.209027 0.848237 0.0316281 0.073142 0.104288
0 0.55373 0.984428 0.0202437 0.0311442 0.100366
