0 0.936249 0.93682 0.0535046 0.119128 0.456664
0 0.590502 0.973653 0.0386635 0.0526949 0.426015
0 0.897067 0.777684 0.0225835 0.0924664 0.415309
0 0.0745316 0.97056 0.0365681 0.0588803 0.388324
0 0.251424 0.0487715 0.0373734 0.0975431 0.376395
0 0.041155 0.971146 0.0252534 0.0577083 0.350021
0 0.0137987 0.867485 0.0275975 0.113252 0.325763
0 0.34785 0.974324 0.029689 0.0513516 0.321842
0 0.833234 0.712334 0.0398407 0.116506 0.312851
0 0.0993432 0.223482 0.0416165 0.128352 0.295483
0 0.718426 0.942044 0.0316035 0.10409 0.254725
0 0.538976 0.942581 0.0509764 0.112778 0.249391
0 0.720127 0.925782 0.0279297 0.0692534 0.227408
0 0.204571 0.957669 0.0472131 0.0846625 0.219468
0 0.672329 0.603285 0.0297581 0.14409 0.199002
0 0.604944 0.878959 0.0244792 0.0864894 0.183953
0 0.533167 0.933498 0.0358491 0.0936043 0.169015
0 0.916643 0.386587 0.0257658 0.0997205 0.164944
0 0.786222 0.420493 0.0275549 0.116307 0.164727
0 0.174471 0.803971 0.0374548 0.122217 0.160195
0 0.229413 0.163519 0.0161998 0.0783176 0.15995
0 0.0133644 0.243766 0.0267288 0.0957653 0.146892
0 0.254138 0.204468 0.0290489 0.103033 0.146193
0 0.313115 0.187662 0.0211328 0.101463 0.137337
0 0.509829 0.817772 0.0234358 0.143042 0.135896
0 0.815929 0.648646 0.0248209 0.105726 0.126162
0 0.0509244 0.675132 0.0348725 0.119723 0.123658
0 0.381638 0.975275 0.0444799 0.0494494 0.119317
0 0.909227 0.391421 0.0379363 0.117825 0.114357
0 0.730697 0.451119 0.0258253 0.0919768 0.11408
0 0.119971 0.793105 0.0334951 0.0965173 0.109379
0 0.333307 0.193992 0.0263944 0.103464 0.101587
