0 0.756158 0.948758 0.0268047 0.0962744 0.432375
0 0.272065 0.0487464 0.0268213 0.0974928 0.352409
0 0.177491 0.950744 0.0353064 0.0985128 0.347138
0 0.122318 0.229703 0.044073 0.123775 0.316012
0 0.763172 0.416586 0.0344663 0.11752 0.297048
0 0.888178 0.388313 0.0394975 0.11372 0.294198
0 0.0843995 0.950512 0.0328872 0.098975 0.26937
0 0.354176 0.19694 0.0254481 0.0997709 0.264234
0 0.571 0.974592 0.0333792 0.0508152 0.262725
0 0.30685 0.212134 0.0253282 0.1031 0.248977
0 0.0096798 0.841868 0.0193596 0.103788 0.241325
0 0.812687 0.67249 0.0373459 0.208146 0.231168
0 0.711628 0.453481 0.0246917 0.104962 0.169476
0 0.64076 0.444299 0.031852 0.095147 0.168949
0 0.192319 0.0983699 0.0226124 0.0796204 0.166214
30 0.250341 0.617477 0.100356 0.461028 0.165739
0 0.779767 0.0968493 0.0310593 0.0925203 0.150981
0 0.453155 0.831401 0.0265713 0.0897021 0.143479
0 0.264692 0.18311 0.0455584 0.132106 0.12976
0 0.897492 0.780763 0.0228249 0.093036 0.122892
0 0.781318 0.0925952 0.0222286 0.0814585 0.120336
0 0.267157 0.200297 0.0427123 0.0985177 0.114801
0 0.260142 0.170325 0.038437 0.106344 0.109995
0 0.897697 0.795297 0.0250521 0.123049 0.105107
0 0.195725 0.129339 0.0288591 0.138093 0.101652
0 0.523357 0.21093 0.0257827 0.0859884 0.1016
30 0.475878 0.521589 0.0673021 0.427287 0.101573
30 0.465906 0.518062 0.0506604 0.417082 0.101293
