0 0.537941 0.953926 0.0470343 0.0921482 0.550046
0 0.98668 0.844908 0.025765 0.0945433 0.440249
0 0.906754 0.8001 0.0328278 0.0990365 0.412412
0 0.629882 0.827409 0.0308922 0.124368 0.410853
0 0.911434 0.807951 0.0444401 0.114981 0.344778
0 0.843224 0.56181 0.0312019 0.0973192 0.321305
0 0.0796422 0.888559 0.0399025 0.108677 0.319188
0 0.322676 0.858966 0.0352495 0.090195 0.294837
0 0.782877 0.62288 0.0260627 0.0944764 0.283338
30 0.0434451 0.643082 0.0868902 0.4553 0.226368
30 0.361695 0.619572 0.0858237 0.523109 0.223668
0 0.774709 0.938232 0.0400209 0.0913678 0.223523
0 0.633098 0.81631 0.0374574 0.143111 0.20951
30 0.230318 0.551281 0.0749175 0.453876 0.208362
0 0.0361813 0.980283 0.0309381 0.0394344 0.204615
0 0.591886 0.892382 0.0441053 0.0898029 0.202705
0 0.664535 0.60012 0.0248035 0.0915362 0.19923
0 0.76623 0.945931 0.0564666 0.108132 0.162551
0 0.908106 0.444978 0.0218181 0.105027 0.150131
0 0.418671 0.177608 0.0273066 0.138364 0.149352
30 0.271873 0.556547 0.0639013 0.456731 0.148102
0 0.850877 0.236692 0.0273861 0.111254 0.146292
0 0.255319 0.192125 0.0451296 0.11942 0.143592
0 0.290449 0.902624 0.0411262 0.101212 0.13415
0 0.542317 0.0449886 0.0261659 0.087784 0.129183
0 0.146015 0.94887 0.0340559 0.0998549 0.124629
9 0.737993 0.295118 0.0331943 0.089357 0.124501
30 0.180559 0.546722 0.0815282 0.358379 0.116831
0 0.384989 0.798578 0.0271034 0.16021 0.115248
0 0.830606 0.746555 0.0348751 0.105368 0.11512
0 0.634531 0.156313 0.0227726 0.10826 0.110985
0 0.0812922 0.210332 0.0434335 0.0945698 0.106007
30 0.427192 0.528218 0.0718108 0.397381 0.10547
0 0.375445 0.169455 0.0242961 0.104853 0.105363
0 0.599703 0.196075 0.0302383 0.100462 0.104535
0 0.0111185 0.870695 0.0221761 0.0951285 0.103994
0 0.292923 0.922315 0.0499464 0.144363 0.103708
30 0.34365 0.622096 0.0555701 0.518385 0.10266
0 0.86234 0.652381 0.0252778 0.0823192 0.102559
0 0.394716 0.814643 0.0522637 0.130665 0.101148
