0 0.48582 0.954052 0.0403913 0.0880142 0.487267
0 0.723954 0.914173 0.0275009 0.0858942 0.484811
0 0.899949 0.80829 0.024519 0.113237 0.355024
0 0.70184 0.962497 0.0442894 0.0750051 0.250446
0 0.578587 0.983275 0.0210556 0.0334496 0.192992
0 0.344443 0.977356 0.0313038 0.0452885 0.174074
0 0.685037 0.781944 0.0289098 0.105733 0.171787
0 0.345009 0.129956 0.023091 0.105673 0.163137
0 0.509096 0.0705505 0.0304943 0.110715 0.155202
0 0.0311268 0.210315 0.0303774 0.09853 0.150199
0 0.819099 0.653653 0.0323933 0.0863687 0.141124
0 0.56054 0.192927 0.0296753 0.100823 0.134207
0 0.739534 0.625632 0.021601 0.0961788 0.114089
0 0.876982 0.560533 0.028266 0.0816233 0.108415
0 0.498723 0.290567 0.0272835 0.0870473 0.107328
0 0.305445 0.0501657 0.0418861 0.093562 0.10365
0 0.0700077 0.937261 0.0479293 0.10769 0.101562
