0 0.251748 0.863685 0.0276655 0.0997393 0.517074
0 0.870918 0.948426 0.0392032 0.101919 0.479853
0 0.611652 0.875902 0.0344391 0.0978899 0.463879
0 0.167776 0.245595 0.0238318 0.0908564 0.434651
0 0.374237 0.110461 0.0241483 0.102356 0.353398
0 0.526926 0.0683898 0.0383741 0.108638 0.348868
0 0.656884 0.673485 0.0231338 0.101493 0.34249
0 0.0296447 0.882249 0.0576795 0.144726 0.330329
0 0.402119 0.972482 0.0326387 0.0550365 0.323829
0 0.252785 0.150814 0.0306805 0.113295 0.323356
0 0.698485 0.835927 0.0260432 0.11518 0.318165
0 0.603432 0.282459 0.0301752 0.120715 0.309639
0 0.245087 0.277323 0.0223908 0.102262 0.305906
0 0.81858 0.111245 0.0308815 0.0939339 0.284231
0 0.647327 0.220056 0.0173612 0.0937164 0.278059
0 0.297063 0.319624 0.0344194 0.1233 0.259353
0 0.137245 0.909984 0.0462232 0.138109 0.244067
0 0.151752 0.956304 0.0347205 0.0870347 0.242166
0 0.136277 0.88454 0.0375277 0.0844506 0.236659
0 0.338881 0.385004 0.031434 0.104129 0.22596
0 0.368212 0.832973 0.0192001 0.0900932 0.225677
0 0.0245871 0.875769 0.0426228 0.129667 0.224923
0 0.775111 0.188774 0.0300856 0.0866772 0.220844
0 0.136999 0.628288 0.0325658 0.11585 0.218573
0 0.159372 0.84203 0.0350758 0.0875589 0.215047
0 0.860957 0.192523 0.0268572 0.105248 0.204009
0 0.402653 0.961418 0.0312566 0.0754876 0.203551
0 0.513927 0.298663 0.0310245 0.0945945 0.201283
0 0.345964 0.189596 0.0342858 0.0870515 0.15736
0 0.812325 0.262755 0.0351408 0.10218 0.146425
0 0.147241 0.933281 0.04178 0.130673 0.14208
0 0.142772 0.919887 0.0483114 0.155926 0.141337
0 0.0984417 0.169959 0.0225623 0.0616855 0.139339
0 0.562543 0.617216 0.0235429 0.110753 0.135598
0 0.297381 0.303065 0.0308742 0.0877094 0.134835
0 0.0075165 0.695911 0.0149638 0.0795763 0.127734
0 0.900995 0.75275 0.028796 0.108438 0.12671
0 0.406501 0.958981 0.0311332 0.0611916 0.12629
0 0.725714 0.481219 0.0230488 0.111481 0.125695
0 0.80961 0.245842 0.0359912 0.116849 0.121681
0 0.0995914 0.182548 0.0244503 0.0869778 0.120079
0 0.816553 0.745156 0.0295895 0.102702 0.113421
0 0.987112 0.331135 0.0248871 0.0683482 0.11076
0 0.624036 0.342278 0.0279751 0.0927629 0.110146
0 0.928505 0.27068 0.0387482 0.10982 0.110112
0 0.859994 0.772542 0.0258503 0.0985302 0.107624
0 0.732445 0.172314 0.0306465 0.109749 0.100875
