0 0.574116 0.812587 0.0291382 0.122925 0.326445
30 0.307723 0.539259 0.0635378 0.432714 0.306694
0 0.0613068 0.945996 0.0410724 0.108008 0.290028
0 0.61262 0.247606 0.0233303 0.105809 0.280808
0 0.959384 0.439586 0.0237534 0.0942473 0.278703
0 0.461964 0.950378 0.0359171 0.0963498 0.258177
0 0.702339 0.810309 0.0379095 0.127714 0.257428
30 0.054542 0.670588 0.0900904 0.368507 0.25186
0 0.88921 0.565295 0.0315142 0.0902295 0.236334
0 0.790957 0.229771 0.0313238 0.142925 0.23278
0 0.766656 0.759618 0.0286824 0.0956905 0.232753
30 0.0829849 0.69676 0.0609759 0.339079 0.224871
0 0.706155 0.913061 0.039973 0.0830485 0.223912
30 0.155159 0.555783 0.0955966 0.455464 0.222572
0 0.361089 0.977556 0.0254371 0.0448872 0.219566
0 0.146111 0.947838 0.0412051 0.103313 0.215633
0 0.12086 0.328666 0.0484345 0.151462 0.212174
0 0.457065 0.198002 0.0255517 0.0924599 0.211768
0 0.768779 0.754081 0.0220228 0.0846898 0.211434
30 0.223275 0.415038 0.0398629 0.25515 0.199323
0 0.705633 0.795362 0.0297175 0.0969704 0.184076
0 0.899662 0.795367 0.0238243 0.0862782 0.181225
30 0.330773 0.57636 0.0747982 0.455111 0.173374
0 0.551254 0.980583 0.0261506 0.0388331 0.171983
0 0.345459 0.870528 0.037768 0.118949 0.167883
0 0.428322 0.111987 0.0259823 0.11166 0.161762
0 0.20584 0.194936 0.0399312 0.11338 0.158477
0 0.530125 0.443153 0.023818 0.0974503 0.147072
30 0.00963307 0.909143 0.0192661 0.0416921 0.138678
0 0.0929882 0.173611 0.0244781 0.102016 0.135663
0 0.0634331 0.351109 0.0290788 0.099655 0.134088
0 0.469785 0.116468 0.0217296 0.0870663 0.130298
0 0.482523 0.29887 0.0232069 0.0878894 0.130281
0 0.946727 0.636303 0.0289539 0.122198 0.128742
30 0.384918 0.639185 0.0753474 0.446681 0.124484
30 0.0939971 0.630269 0.083808 0.466481 0.12344
30 0.0417587 0.68774 0.0830691 0.347572 0.122039
30 0.154039 0.524166 0.0738925 0.40241 0.121432
0 0.255247 0.250789 0.0187578 0.0928135 0.120965
30 0.0535268 0.639633 0.105517 0.455721 0.114413
0 0.54707 0.194755 0.0370245 0.107844 0.113235
0 0.38085 0.114309 0.0223616 0.0996228 0.109121
30 0.0279103 0.677457 0.0558206 0.375877 0.108356
0 0.106569 0.981349 0.0258266 0.0373015 0.101849
30 0.298981 0.499888 0.0637805 0.382385 0.101593
