0 0.0343051 0.951912 0.0325431 0.0961755 0.553192
0 0.895742 0.71917 0.0328705 0.188514 0.481505
0 0.140924 0.970729 0.039743 0.0585417 0.48005
0 0.422783 0.966934 0.0294739 0.0661327 0.476678
0 0.190337 0.0467129 0.0386751 0.0897042 0.411883
0 0.613468 0.211151 0.0300078 0.0854354 0.396418
0 0.344327 0.149448 0.0312474 0.108906 0.358263
0 0.0402633 0.216038 0.0345945 0.108965 0.329093
0 0.212224 0.927408 0.0323316 0.0818339 0.314024
0 0.366288 0.803061 0.0328781 0.0892649 0.309675
0 0.597717 0.949981 0.0443483 0.0995625 0.296691
0 0.166111 0.187975 0.0247426 0.0880594 0.288662
0 0.398173 0.857365 0.0284229 0.0974493 0.273763
0 0.64989 0.971022 0.0351044 0.057955 0.256225
0 0.26107 0.963707 0.0347423 0.0725859 0.240607
0 0.0664952 0.793311 0.0347826 0.114315 0.198163
0 0.0605375 0.186615 0.0190233 0.0953065 0.195444
0 0.0647678 0.188595 0.0277321 0.0964915 0.194756
0 0.20939 0.919612 0.0243716 0.068607 0.188617
0 0.505171 0.78739 0.0289141 0.13079 0.15992
0 0.278942 0.200938 0.0261222 0.110645 0.155196
0 0.156211 0.772924 0.0442315 0.146759 0.153658
0 0.194235 0.627006 0.0268873 0.0899325 0.143628
0 0.961791 0.37807 0.0377987 0.120827 0.138749
0 0.265189 0.803769 0.0309015 0.122231 0.137665
0 0.852635 0.527777 0.0200254 0.0884374 0.135756
0 0.837229 0.409436 0.0319908 0.11675 0.126329
0 0.785642 0.469115 0.0282168 0.098134 0.12053
0 0.258555 0.809081 0.0422055 0.140549 0.118271
0 0.627706 0.930904 0.0305603 0.109716 0.116863
0 0.308071 0.93197 0.0389994 0.104552 0.11515
0 0.415958 0.271695 0.0362755 0.0887255 0.109824
0 0.196277 0.207504 0.0246027 0.0909601 0.103902
0 0.398296 0.977413 0.0326067 0.0451742 0.103817
