0 0.432076 0.96434 0.0358522 0.070636 0.536802
0 0.825696 0.95655 0.0465278 0.0862203 0.51344
0 0.577394 0.859612 0.0314493 0.088052 0.443072
0 0.15526 0.958334 0.0377421 0.081529 0.425636
0 0.696574 0.89632 0.0251699 0.0900044 0.317077
0 0.335906 0.122327 0.0240491 0.0970718 0.293199
0 0.231051 0.181324 0.029919 0.111054 0.281819
0 0.493823 0.0842637 0.035378 0.117337 0.276041
0 0.893405 0.28371 0.0267266 0.10363 0.235043
0 0.610797 0.222234 0.0212541 0.0838647 0.216228
0 0.370959 0.184036 0.0267582 0.0811079 0.211921
0 0.0517821 0.880965 0.0400629 0.102682 0.200465
30 0.315877 0.508643 0.0494852 0.335091 0.196845
0 0.744127 0.198674 0.0241102 0.0907598 0.185986
0 0.269387 0.313881 0.0255139 0.107904 0.176451
0 0.0493174 0.86518 0.0343826 0.0736894 0.174427
0 0.695812 0.435287 0.0210955 0.1115 0.169932
0 0.659434 0.799028 0.0266224 0.108087 0.169178
0 0.401542 0.361973 0.0345191 0.12288 0.163044
0 0.926517 0.788163 0.0447083 0.193425 0.158022
0 0.738666 0.431497 0.024675 0.105746 0.157349
0 0.572655 0.282226 0.031481 0.117152 0.156309
0 0.705312 0.160492 0.0276176 0.0870564 0.15151
0 0.208677 0.292976 0.0264706 0.110497 0.145356
0 0.147967 0.328713 0.0260396 0.139028 0.141002
30 0.424806 0.588885 0.0740507 0.565067 0.139605
30 0.458003 0.595261 0.0616869 0.535053 0.135396
0 0.924855 0.739763 0.0408343 0.0943628 0.130673
0 0.865843 0.741549 0.0313378 0.12465 0.130317
0 0.952385 0.826051 0.0288851 0.121022 0.128021
30 0.328241 0.517092 0.072834 0.348068 0.126853
30 0.459865 0.466087 0.0571756 0.41173 0.123433
0 0.12254 0.708337 0.047509 0.190809 0.12247
0 0.531305 0.624196 0.0243739 0.118912 0.121596
0 0.20781 0.275914 0.0236957 0.0778555 0.119523
0 0.268554 0.299155 0.0228142 0.0784723 0.118164
0 0.733237 0.846532 0.0239566 0.105315 0.115918
30 0.464099 0.492831 0.0436432 0.339533 0.115186
30 0.368094 0.639919 0.103287 0.464474 0.114234
30 0.338433 0.568635 0.0637801 0.415438 0.11392
0 0.826476 0.196826 0.0302975 0.100244 0.113191
0 0.487285 0.0799613 0.022483 0.0995873 0.104671
