0 0.116691 0.229075 0.043999 0.123351 0.459808
0 0.529209 0.214021 0.034543 0.0884751 0.356452
0 0.897357 0.780359 0.0227661 0.0938243 0.335216
0 0.579011 0.975625 0.0293895 0.0487505 0.311447
0 0.743991 0.948839 0.0352235 0.098774 0.308877
0 0.308935 0.206959 0.0274097 0.106235 0.305696
0 0.736191 0.949167 0.0529355 0.100225 0.281888
0 0.0562864 0.971085 0.0246686 0.0578295 0.275308
0 0.0818278 0.955144 0.0314225 0.0897117 0.259713
0 0.345503 0.81438 0.0297597 0.116446 0.244447
0 0.437338 0.788284 0.0420015 0.161821 0.243924
0 0.74464 0.929933 0.0267568 0.0637487 0.226362
0 0.0105602 0.844265 0.0211203 0.0988678 0.203837
0 0.529044 0.797374 0.0245356 0.095835 0.18719
0 0.270542 0.197804 0.0318083 0.0956364 0.181521
0 0.328953 0.975628 0.0289619 0.0487438 0.179116
0 0.267118 0.0508186 0.0301617 0.101637 0.175422
0 0.247181 0.170625 0.0202888 0.100954 0.170034
0 0.349136 0.201133 0.0251683 0.11131 0.164494
0 0.00984339 0.970688 0.0195489 0.0586233 0.159005
0 0.569849 0.263635 0.026746 0.120286 0.154185
0 0.183764 0.950978 0.0342881 0.0944194 0.152477
0 0.261639 0.184363 0.0479429 0.120952 0.14749
0 0.898079 0.796457 0.0255459 0.1266 0.143161
0 0.897535 0.389474 0.0331655 0.117095 0.143112
0 0.539593 0.421608 0.0417853 0.138531 0.139219
0 0.0597028 0.827224 0.0388857 0.096279 0.138677
0 0.241653 0.862061 0.0293945 0.0875558 0.130154
0 0.714771 0.461499 0.0275492 0.112073 0.12991
0 0.890396 0.386726 0.0468735 0.1207 0.115605
0 0.492422 0.289241 0.0342454 0.0914433 0.113501
0 0.250673 0.837056 0.0437653 0.137829 0.11092
0 0.0469417 0.203268 0.0419046 0.0990303 0.10738
0 0.518814 0.926879 0.0278275 0.0927258 0.103191
0 0.166495 0.214373 0.0373546 0.0946491 0.102194
0 0.817432 0.678498 0.026804 0.190453 0.101675
