0 0.69405 0.937237 0.0442224 0.10259 0.490319
0 0.605589 0.97221 0.0332491 0.0555796 0.422687
0 0.849052 0.705783 0.033942 0.121995 0.41014
0 0.956065 0.938261 0.0306571 0.118698 0.390377
0 0.546748 0.936064 0.0264027 0.0989721 0.350718
0 0.89725 0.776784 0.0229459 0.09176 0.347002
0 0.796086 0.414488 0.032617 0.115316 0.313245
0 0.199038 0.957016 0.0548815 0.0859675 0.302298
0 0.0157098 0.884393 0.031121 0.106169 0.294867
0 0.0298816 0.968776 0.0247494 0.0624481 0.278205
0 0.236705 0.0457644 0.0305224 0.0908026 0.229316
0 0.242131 0.207249 0.0268445 0.0986955 0.184424
0 0.0912818 0.219899 0.0483718 0.113419 0.176934
0 0.0182457 0.202322 0.0364915 0.0977118 0.169501
0 0.0837167 0.224891 0.0327248 0.101869 0.158101
0 0.546414 0.921855 0.0246965 0.0714645 0.149065
0 0.110449 0.809195 0.0441322 0.144445 0.14647
0 0.413035 0.822722 0.0259163 0.0894025 0.145952
0 0.0913474 0.143429 0.0240053 0.0783099 0.145021
0 0.215578 0.17056 0.019243 0.0888382 0.140814
0 0.572899 0.425755 0.0257721 0.12859 0.137739
0 0.924598 0.38664 0.0334774 0.111124 0.134163
0 0.631834 0.717424 0.0402352 0.111358 0.13289
0 0.0278453 0.812315 0.04688 0.0791208 0.130301
0 0.156509 0.207651 0.0663209 0.102555 0.129562
0 0.270812 0.930153 0.0262498 0.0669601 0.129336
9 0.743757 0.451851 0.0221939 0.0903903 0.125654
0 0.0593464 0.984385 0.0167353 0.0312297 0.120794
0 0.321712 0.187421 0.0270597 0.120423 0.120239
0 0.564506 0.983676 0.0249636 0.0326486 0.118142
0 0.744154 0.452582 0.0225331 0.0916067 0.110726
0 0.375981 0.930784 0.0583411 0.138346 0.101228
