0 0.611666 0.883951 0.0270767 0.0921104 0.520238
0 0.856192 0.631556 0.0352707 0.0922005 0.447935
0 0.380821 0.969145 0.0389908 0.0617103 0.421071
0 0.710672 0.244064 0.0382769 0.149457 0.414004
0 0.948329 0.548643 0.0418759 0.127344 0.391165
0 0.801004 0.966928 0.0355701 0.0661449 0.38566
0 0.946422 0.565954 0.0367965 0.0874191 0.385471
0 0.265339 0.887537 0.0287699 0.129722 0.331668
0 0.465218 0.974329 0.0278391 0.0513157 0.320481
0 0.493477 0.798803 0.0438025 0.154985 0.264962
0 0.684844 0.786055 0.0260292 0.118579 0.258395
0 0.636926 0.63121 0.039077 0.0924136 0.242959
0 0.618097 0.291743 0.0305772 0.0924788 0.242066
0 0.575216 0.96193 0.0392215 0.0761409 0.211702
0 0.402658 0.858385 0.0256207 0.0605322 0.208058
0 0.824428 0.461812 0.0402954 0.103857 0.205012
0 0.194459 0.979677 0.0230894 0.0406467 0.194454
0 0.606009 0.884762 0.0399582 0.0918336 0.192454
0 0.351102 0.0503452 0.0216666 0.10069 0.191275
0 0.435522 0.0507705 0.0243693 0.101541 0.184231
0 0.394248 0.201241 0.0399974 0.126721 0.174456
0 0.276002 0.886875 0.0520789 0.142477 0.158409
0 0.829113 0.457442 0.0296391 0.0945968 0.147782
0 0.514152 0.461703 0.0231857 0.0880835 0.146911
0 0.19885 0.8307 0.0317127 0.0785183 0.145846
0 0.38248 0.521665 0.0227155 0.107007 0.144315
0 0.678358 0.126125 0.0257122 0.0922621 0.137806
0 0.0833168 0.89094 0.0359502 0.0821114 0.128658
0 0.710834 0.655887 0.025185 0.0941196 0.121517
30 0.0457749 0.647524 0.0915499 0.449021 0.119646
0 0.412299 0.0692715 0.029089 0.119944 0.118464
0 0.564607 0.963763 0.0566628 0.0724734 0.111334
0 0.384824 0.0508712 0.0206837 0.100051 0.105764
0 0.157884 0.137626 0.0252309 0.106876 0.105318
