0 0.0537972 0.954873 0.0420717 0.0902537 0.418631
0 0.714734 0.814343 0.0273236 0.108504 0.384503
0 0.896308 0.564184 0.0262479 0.0929059 0.324613
0 0.607875 0.263247 0.0265733 0.103032 0.288349
0 0.449655 0.952923 0.0440171 0.0923412 0.251274
0 0.779253 0.23235 0.0315478 0.144233 0.218513
0 0.775351 0.243654 0.0378359 0.125555 0.210524
0 0.601749 0.439968 0.0325859 0.112805 0.204447
0 0.938559 0.641486 0.0366676 0.0985639 0.188292
0 0.786465 0.66062 0.0408199 0.0999398 0.182151
0 0.250709 0.825851 0.0328415 0.103709 0.171306
0 0.142189 0.948429 0.0498051 0.103142 0.168692
0 0.627008 0.531029 0.0242142 0.0887578 0.163069
0 0.686472 0.906425 0.0260519 0.0809214 0.149495
30 0.295795 0.572481 0.0769151 0.447265 0.145231
0 0.54642 0.979047 0.0340763 0.0419067 0.131166
0 0.836764 0.311104 0.0238514 0.0850608 0.131118
0 0.222398 0.913138 0.0406126 0.0903698 0.1302
0 0.480106 0.0757181 0.0240966 0.113086 0.127241
0 0.675323 0.296793 0.0302485 0.0920153 0.121237
0 0.285665 0.820261 0.027725 0.102107 0.115554
0 0.381208 0.105798 0.0225451 0.106945 0.112716
0 0.322907 0.231047 0.0252058 0.089169 0.110141
0 0.378138 0.982081 0.0265637 0.0358385 0.106644
0 0.942654 0.615984 0.0417191 0.132177 0.100459
