0 0.285337 0.793352 0.0386252 0.130323 0.377624
0 0.713018 0.782321 0.0224318 0.1033 0.329244
0 0.740045 0.241474 0.0416806 0.14657 0.316228
30 0.524992 0.598085 0.0578709 0.56232 0.306639
30 0.465471 0.6038 0.0682331 0.563506 0.302317
0 0.0490652 0.8853 0.0537327 0.086651 0.29958
0 0.98143 0.556372 0.036451 0.184105 0.277723
0 0.217671 0.821328 0.0308086 0.0940878 0.260587
0 0.487965 0.977637 0.0252306 0.0447253 0.244803
0 0.345573 0.0706467 0.022804 0.110461 0.228973
0 0.403894 0.963351 0.0399731 0.073297 0.195123
0 0.642054 0.892762 0.0354992 0.0888765 0.182066
0 0.838407 0.974313 0.031555 0.051374 0.178974
30 0.338666 0.548084 0.0523325 0.448303 0.16735
0 0.171589 0.118181 0.0257182 0.107142 0.163274
0 0.749668 0.844854 0.0442671 0.106637 0.163268
30 0.522282 0.708755 0.0498122 0.334135 0.156542
30 0.476211 0.597228 0.0602947 0.546011 0.142115
0 0.150784 0.230114 0.0423496 0.0999445 0.134839
0 0.381151 0.067569 0.0229539 0.10179 0.131515
0 0.990292 0.545347 0.0188919 0.194735 0.127752
0 0.744054 0.411694 0.0340677 0.108996 0.126823
0 0.41522 0.166343 0.0360879 0.14976 0.126719
0 0.144669 0.948869 0.0402191 0.0925061 0.12334
30 0.423439 0.68463 0.0750727 0.396775 0.118004
0 0.662106 0.690933 0.0303863 0.210441 0.114886
0 0.124483 0.868183 0.0321177 0.0887336 0.112984
0 0.992641 0.554564 0.0140707 0.18197 0.108373
0 0.337891 0.842446 0.0276976 0.0831 0.107713
0 0.362536 0.251928 0.035845 0.110283 0.106452
0 0.439579 0.0708856 0.0266113 0.116277 0.104161
30 0.53345 0.558224 0.042441 0.480775 0.102484
