0 0.49409 0.863897 0.0571226 0.1074 0.539696
0 0.721807 0.960113 0.0406341 0.0797732 0.470446
0 0.568354 0.856133 0.0377691 0.103192 0.433922
0 0.77029 0.962319 0.039065 0.0753619 0.420128
0 0.786525 0.784539 0.0320585 0.147559 0.366939
0 0.854472 0.23451 0.0347542 0.0937026 0.343764
0 0.879479 0.316939 0.0347622 0.0954272 0.276424
0 0.797769 0.311003 0.026137 0.102213 0.262553
0 0.819128 0.830848 0.029781 0.10377 0.250919
30 0.495196 0.567407 0.0518109 0.496426 0.195803
30 0.230596 0.499495 0.0668832 0.328284 0.194168
0 0.74548 0.185938 0.0296327 0.0978485 0.178463
30 0.367436 0.523137 0.0515642 0.302746 0.147003
0 0.632767 0.173291 0.0261285 0.0913152 0.14681
30 0.266851 0.630704 0.0510492 0.29058 0.146404
0 0.654757 0.600953 0.0368444 0.09649 0.146024
0 0.0488593 0.842955 0.0396907 0.0873941 0.136985
0 0.157302 0.967035 0.0425689 0.0659293 0.127793
30 0.412701 0.60278 0.0560275 0.407603 0.126328
0 0.506501 0.980524 0.0320659 0.0389518 0.124362
0 0.0069774 0.961102 0.0139262 0.0772755 0.121994
0 0.708278 0.789054 0.0376299 0.124325 0.121217
0 0.332913 0.321265 0.0254212 0.151411 0.119818
0 0.658342 0.848147 0.024184 0.0921952 0.11776
0 0.283122 0.318641 0.0314538 0.110305 0.11565
30 0.312711 0.529159 0.0631951 0.384908 0.103961
0 0.521257 0.331109 0.0235777 0.0864864 0.102408
