0 0.530837 0.214108 0.0349529 0.0849865 0.365112
0 0.010404 0.841422 0.020808 0.102311 0.347339
0 0.897274 0.780333 0.0230514 0.0943717 0.346553
0 0.734698 0.948432 0.0504867 0.101583 0.309545
0 0.111893 0.229543 0.0418763 0.12107 0.27933
0 0.892731 0.389282 0.0466822 0.121252 0.273703
0 0.079507 0.956831 0.0334157 0.086337 0.259347
0 0.568075 0.263504 0.026021 0.128147 0.25575
0 0.054076 0.969852 0.0253701 0.0602958 0.253187
0 0.579752 0.975422 0.0308493 0.0491559 0.250294
0 0.310061 0.204897 0.0270172 0.107128 0.23763
0 0.922928 0.926413 0.0297233 0.101261 0.195476
0 0.490146 0.288278 0.0346274 0.0885333 0.194648
0 0.00773567 0.969462 0.0153715 0.0610754 0.184609
0 0.345954 0.199042 0.0270846 0.106944 0.18358
0 0.0411138 0.200923 0.0341793 0.100207 0.16912
0 0.739757 0.938707 0.0345763 0.0852923 0.16535
0 0.898132 0.796102 0.0257473 0.126602 0.165103
0 0.263889 0.0492544 0.0271203 0.0945266 0.157474
0 0.740426 0.927315 0.0291588 0.063976 0.150337
0 0.717695 0.464104 0.0328527 0.107923 0.141836
0 0.247891 0.175661 0.0234211 0.112021 0.135272
0 0.245033 0.167412 0.0186612 0.0935768 0.132188
0 0.252647 0.835092 0.0431034 0.141325 0.130898
0 0.256601 0.184872 0.0414466 0.121862 0.127402
0 0.648314 0.442195 0.0234687 0.0916609 0.126907
0 0.344125 0.808322 0.0309064 0.113666 0.126816
0 0.117808 0.222503 0.033963 0.112622 0.123411
0 0.572169 0.257518 0.0264862 0.137801 0.120013
0 0.661084 0.561136 0.0295631 0.134222 0.119822
0 0.0557268 0.828732 0.0483531 0.0957843 0.114281
0 0.261077 0.196555 0.0342122 0.100563 0.114075
0 0.330099 0.975517 0.0298354 0.0489658 0.113367
0 0.266499 0.198748 0.026982 0.0947816 0.110448
0 0.615141 0.58168 0.0186756 0.104736 0.102229
0 0.185775 0.950741 0.0347819 0.0930385 0.100767
