0 0.58826 0.973763 0.0377592 0.0524751 0.478852
0 0.0132469 0.865389 0.0264937 0.113032 0.372148
0 0.100317 0.22694 0.0406614 0.131512 0.369477
0 0.896923 0.779201 0.0231469 0.0939803 0.359691
0 0.832268 0.716621 0.0359305 0.111719 0.307039
0 0.0433473 0.970855 0.0239915 0.0582899 0.303466
0 0.0740395 0.968805 0.0363185 0.0623897 0.295839
0 0.345214 0.975209 0.0283261 0.0495818 0.276543
0 0.312895 0.192238 0.0243467 0.104974 0.272287
0 0.253733 0.0487742 0.0344451 0.0960976 0.223483
0 0.537989 0.942092 0.0527456 0.109052 0.2189
0 0.936014 0.93791 0.0532 0.117385 0.216836
0 0.723633 0.933515 0.0284523 0.0881279 0.211305
0 0.901011 0.387794 0.0273479 0.114344 0.206206
0 0.619514 0.0272121 0.0203167 0.0544241 0.202196
0 0.335168 0.197221 0.0268022 0.1024 0.187991
0 0.289858 0.936189 0.0276938 0.082988 0.175082
0 0.816742 0.644582 0.0235962 0.104345 0.164405
0 0.78412 0.412827 0.0280392 0.11358 0.162695
0 0.799356 0.0945319 0.0225763 0.0889824 0.158767
0 0.0439411 0.825425 0.0308088 0.0878054 0.150438
0 0.606778 0.882765 0.0237043 0.0879394 0.149824
0 0.906894 0.389993 0.0384022 0.116141 0.145209
0 0.0116803 0.246323 0.0233606 0.0930052 0.138258
0 0.725675 0.455322 0.0335617 0.100663 0.136206
0 0.792818 0.645251 0.0312331 0.0899262 0.10966
0 0.668787 0.600701 0.0372361 0.137177 0.108931
0 0.898255 0.793974 0.0255364 0.12606 0.10615
0 0.531779 0.927457 0.0333651 0.0836914 0.103761
0 0.0280528 0.195354 0.0298901 0.0970261 0.103737
0 0.1734 0.122142 0.0261088 0.0920607 0.102478
