0 0.235625 0.962669 0.0307463 0.0746615 0.516613
0 0.636266 0.822546 0.0290478 0.098854 0.45758
0 0.673584 0.915704 0.0338116 0.100765 0.454394
0 0.87531 0.72991 0.0456406 0.133141 0.440593
0 0.883544 0.114534 0.0237602 0.0897603 0.438272
0 0.982836 0.24317 0.0335743 0.110366 0.417441
0 0.810559 0.977622 0.0291943 0.0447567 0.391438
0 0.342774 0.969755 0.0300692 0.0604896 0.362181
0 0.432188 0.834285 0.024359 0.086782 0.34536
0 0.202809 0.140597 0.0266223 0.0940912 0.342293
0 0.148597 0.954159 0.0345869 0.0916814 0.319199
0 0.955765 0.773653 0.0439933 0.256197 0.310682
0 0.92187 0.182268 0.0270309 0.100997 0.300803
0 0.679121 0.0682399 0.0246466 0.103918 0.299284
0 0.313262 0.256396 0.0254829 0.0981371 0.286246
0 0.677331 0.350198 0.0267723 0.0807081 0.2812
0 0.945219 0.92801 0.0420521 0.0915585 0.268593
0 0.670758 0.826332 0.0303987 0.106742 0.266109
0 0.583321 0.0460368 0.0292846 0.0920735 0.244109
0 0.0999611 0.183974 0.0252811 0.0922893 0.238193
0 0.909452 0.292769 0.0310288 0.104702 0.234719
0 0.664709 0.235873 0.0212927 0.0596708 0.226008
0 0.709923 0.210811 0.0261006 0.0887152 0.218727
0 0.288532 0.0749964 0.0297173 0.0976637 0.217889
30 0.676668 0.106815 0.029961 0.035477 0.217501
0 0.348248 0.967002 0.0420196 0.0659965 0.205485
0 0.433281 0.0829892 0.0211863 0.102396 0.20252
30 0.675638 0.11059 0.0263474 0.0269647 0.202082
0 0.865758 0.249141 0.0291702 0.0935074 0.197828
0 0.617249 0.612227 0.0259998 0.117033 0.196845
0 0.987517 0.735705 0.0244232 0.206944 0.196344
0 0.351383 0.953886 0.0433094 0.0922275 0.1959
0 0.356032 0.968826 0.0227614 0.0621731 0.191611
0 0.670302 0.527864 0.0245939 0.0988368 0.181259
0 0.710646 0.672976 0.0291683 0.0940307 0.178391
0 0.657724 0.292272 0.0255128 0.0878634 0.173808
0 0.583844 0.279289 0.028685 0.10072 0.169856
0 0.357875 0.45495 0.0307145 0.146766 0.165717
0 0.355468 0.945647 0.0366162 0.0717291 0.16431
0 0.736735 0.236066 0.0312332 0.0887262 0.161672
0 0.440508 0.579286 0.0235096 0.0839641 0.159323
0 0.247965 0.355865 0.0235957 0.0696589 0.155609
0 0.881846 0.729619 0.0324451 0.129153 0.153598
0 0.0237872 0.743375 0.0296579 0.0858213 0.151961
0 0.33939 0.310544 0.0280008 0.100378 0.148104
0 0.149284 0.974897 0.0329943 0.0502058 0.145666
0 0.340328 0.294043 0.0259107 0.0682537 0.142215
0 0.195505 0.885756 0.0295453 0.0876221 0.13882
0 0.830942 0.689676 0.0330273 0.0794037 0.134131
0 0.756701 0.727349 0.0266869 0.101772 0.131213
0 0.484833 0.297363 0.0205186 0.0921826 0.123744
0 0.660485 0.260223 0.0264281 0.0994411 0.117589
0 0.954074 0.698158 0.0270229 0.116057 0.116931
0 0.850862 0.568442 0.0227951 0.0929548 0.11583
0 0.829682 0.181355 0.0318962 0.0869809 0.113816
0 0.553663 0.98424 0.0201489 0.0315208 0.111737
0 0.784286 0.138019 0.0295759 0.0781057 0.108767
0 0.613883 0.622518 0.0334806 0.136873 0.106937
0 0.672554 0.863352 0.0333145 0.169929 0.105034
0 0.583984 0.0579838 0.0342587 0.115968 0.102804
0 0.106553 0.72222 0.0196592 0.0721019 0.101131
